image,ALB,BET,DOL,LAG,NoF,OTHER,SHARK,YFT
img_00005.jpg,0.000008,0.000000,0.000039,0.000014,0.999919,0.000006,0.000013,0.000001
img_00007.jpg,0.212585,0.036594,0.010461,0.017032,0.000138,0.010902,0.005024,0.707265
img_00009.jpg,0.994773,0.002276,0.000208,0.000033,0.000029,0.000527,0.000171,0.001984
img_00018.jpg,0.687874,0.003940,0.000256,0.001043,0.000141,0.306684,0.000051,0.000011
img_00027.jpg,0.320988,0.054903,0.001568,0.001443,0.015741,0.391117,0.000372,0.213868
img_00030.jpg,0.040180,0.001557,0.002470,0.002695,0.805213,0.004133,0.008774,0.134977
img_00040.jpg,0.099658,0.188768,0.006063,0.009269,0.002716,0.329420,0.325011,0.039095
img_00046.jpg,0.945942,0.000050,0.000213,0.000191,0.053071,0.000207,0.000078,0.000247
img_00053.jpg,0.994820,0.000012,0.003626,0.000258,0.000730,0.000124,0.000359,0.000071
img_00071.jpg,0.111259,0.001263,0.004458,0.831049,0.008343,0.021623,0.020386,0.001619
img_00075.jpg,0.435285,0.001098,0.000574,0.000946,0.006442,0.554089,0.000651,0.000915
img_00102.jpg,0.403676,0.275523,0.000730,0.005426,0.002047,0.031062,0.000503,0.281033
img_00103.jpg,0.989991,0.004334,0.000931,0.000275,0.000081,0.000697,0.000054,0.003636
img_00109.jpg,0.676114,0.000392,0.002006,0.002830,0.318044,0.000082,0.000516,0.000016
img_00119.jpg,0.008956,0.027987,0.000480,0.001247,0.239982,0.018451,0.000200,0.702697
img_00120.jpg,0.048213,0.032341,0.001755,0.000902,0.000112,0.000228,0.050850,0.865598
img_00125.jpg,0.032307,0.467671,0.418145,0.047861,0.000157,0.012350,0.010458,0.011050
img_00128.jpg,0.000002,0.013508,0.911375,0.000055,0.000263,0.000874,0.000112,0.073810
img_00129.jpg,0.387531,0.005154,0.001657,0.003997,0.000429,0.499062,0.069424,0.032745
img_00133.jpg,0.000138,0.000009,0.000075,0.000132,0.999354,0.000258,0.000024,0.000011
img_00138.jpg,0.964539,0.004306,0.001445,0.001080,0.010303,0.016254,0.000980,0.001093
img_00141.jpg,0.000000,0.000000,0.000000,0.000000,0.000000,0.000000,0.000000,0.999999
img_00152.jpg,0.000516,0.048278,0.000626,0.000300,0.000193,0.053836,0.000099,0.896153
img_00161.jpg,0.000001,0.000192,0.000006,0.000009,0.000000,0.002402,0.000010,0.997381
img_00164.jpg,0.001432,0.029117,0.008893,0.007885,0.401665,0.078726,0.001528,0.470754
img_00170.jpg,0.789903,0.000358,0.009531,0.029030,0.000690,0.136304,0.003094,0.031089
img_00171.jpg,0.610036,0.000043,0.000170,0.002176,0.000382,0.386642,0.000216,0.000335
img_00172.jpg,0.000001,0.000000,0.000011,0.000030,0.999932,0.000023,0.000003,0.000000
img_00175.jpg,0.681427,0.000018,0.000269,0.003986,0.000609,0.312983,0.000153,0.000556
img_00180.jpg,0.000474,0.000017,0.000040,0.000333,0.000185,0.000687,0.000103,0.998162
img_00196.jpg,0.000037,0.030051,0.000902,0.005016,0.732684,0.224845,0.000210,0.006255
img_00212.jpg,0.003592,0.001192,0.000012,0.000057,0.000111,0.000063,0.000073,0.994900
img_00223.jpg,0.867268,0.001784,0.090050,0.000807,0.001126,0.038615,0.000144,0.000206
img_00230.jpg,0.953379,0.045516,0.000367,0.000270,0.000002,0.000406,0.000009,0.000051
img_00232.jpg,0.000001,0.038550,0.000664,0.000558,0.000055,0.000007,0.959748,0.000417
img_00244.jpg,0.701891,0.128092,0.000709,0.016560,0.000524,0.036539,0.001486,0.114200
img_00272.jpg,0.794437,0.017385,0.125413,0.047593,0.001799,0.012033,0.000136,0.001204
img_00280.jpg,0.869812,0.000102,0.000239,0.000123,0.129287,0.000105,0.000032,0.000299
img_00282.jpg,0.423756,0.000086,0.000542,0.004672,0.001011,0.568906,0.000462,0.000566
img_00285.jpg,0.996883,0.000309,0.000120,0.000012,0.000134,0.000244,0.000053,0.002245
img_00289.jpg,0.968512,0.000107,0.000008,0.000073,0.030846,0.000402,0.000048,0.000003
img_00292.jpg,0.290173,0.241234,0.000355,0.002990,0.010998,0.019139,0.001037,0.434074
img_00302.jpg,0.041337,0.019296,0.001607,0.004150,0.000769,0.494251,0.418614,0.019976
img_00311.jpg,0.999878,0.000070,0.000005,0.000004,0.000018,0.000005,0.000004,0.000015
img_00320.jpg,0.992214,0.004443,0.000485,0.000472,0.002233,0.000056,0.000083,0.000014
img_00331.jpg,0.607825,0.003277,0.002977,0.002320,0.140616,0.236075,0.003293,0.003616
img_00358.jpg,0.724525,0.023519,0.001241,0.004000,0.004172,0.211319,0.001437,0.029788
img_00374.jpg,0.867675,0.001610,0.000470,0.000078,0.000031,0.003603,0.000129,0.126404
img_00375.jpg,0.969481,0.000147,0.001645,0.001746,0.008857,0.017784,0.000082,0.000259
img_00376.jpg,0.484953,0.001778,0.153722,0.001250,0.019226,0.022172,0.029616,0.287282
img_00380.jpg,0.983514,0.005102,0.008166,0.000362,0.001517,0.001247,0.000090,0.000002
img_00383.jpg,0.984329,0.005756,0.000474,0.000257,0.002898,0.001224,0.000785,0.004277
img_00398.jpg,0.986471,0.000017,0.000018,0.000093,0.007214,0.000455,0.000221,0.005510
img_00407.jpg,0.997314,0.000966,0.000210,0.000286,0.000018,0.001191,0.000013,0.000002
img_00417.jpg,0.007155,0.000145,0.000006,0.000062,0.000027,0.000081,0.000022,0.992503
img_00432.jpg,0.336070,0.405081,0.063014,0.004124,0.096785,0.093256,0.000563,0.001106
img_00442.jpg,0.000000,0.000000,0.000000,0.000000,0.000000,0.000002,0.000000,0.999997
img_00446.jpg,0.902846,0.000062,0.000458,0.000833,0.010680,0.080254,0.000235,0.004632
img_00469.jpg,0.897783,0.000242,0.000691,0.005062,0.001186,0.077729,0.001174,0.016133
img_00473.jpg,0.571339,0.000509,0.000071,0.000250,0.001303,0.000450,0.000295,0.425782
img_00483.jpg,0.995953,0.000794,0.000058,0.000022,0.000307,0.000015,0.000134,0.002716
img_00484.jpg,0.014271,0.050852,0.007624,0.001341,0.000044,0.000037,0.002948,0.922882
img_00486.jpg,0.871545,0.002858,0.117155,0.007041,0.000113,0.000986,0.000138,0.000163
img_00487.jpg,0.000077,0.000015,0.000019,0.000078,0.999762,0.000019,0.000023,0.000007
img_00493.jpg,0.346879,0.016849,0.006433,0.014483,0.587138,0.009659,0.001647,0.016912
img_00518.jpg,0.774413,0.000657,0.007142,0.002297,0.197088,0.002978,0.010533,0.004893
img_00533.jpg,0.004378,0.006385,0.000074,0.001173,0.000101,0.000828,0.000172,0.986889
img_00538.jpg,0.673377,0.000131,0.005895,0.003736,0.001274,0.000466,0.000308,0.314813
img_00543.jpg,0.999910,0.000054,0.000003,0.000001,0.000021,0.000006,0.000001,0.000003
img_00550.jpg,0.042190,0.768253,0.104976,0.002912,0.058575,0.020048,0.002539,0.000509
img_00551.jpg,0.991304,0.000138,0.000119,0.001717,0.000088,0.005038,0.000528,0.001069
img_00564.jpg,0.002965,0.000171,0.002769,0.001193,0.981940,0.010654,0.000165,0.000143
img_00575.jpg,0.310757,0.004452,0.001165,0.000476,0.003068,0.424700,0.010901,0.244481
img_00582.jpg,0.947027,0.011467,0.007456,0.002451,0.002314,0.013917,0.001822,0.013546
img_00584.jpg,0.997168,0.000227,0.000026,0.000018,0.002030,0.000157,0.000010,0.000364
img_00587.jpg,0.537311,0.101782,0.000445,0.000932,0.011358,0.008529,0.000073,0.339569
img_00590.jpg,0.657421,0.035817,0.000233,0.000099,0.000818,0.000038,0.000014,0.305560
img_00591.jpg,0.080800,0.003493,0.000644,0.000185,0.000134,0.006276,0.001309,0.907160
img_00598.jpg,0.716067,0.000033,0.002560,0.005253,0.000213,0.000098,0.000176,0.275599
img_00599.jpg,0.663051,0.187670,0.008537,0.000831,0.001098,0.003399,0.009667,0.125746
img_00612.jpg,0.828734,0.008018,0.000379,0.000250,0.002345,0.152251,0.007839,0.000183
img_00618.jpg,0.984066,0.000072,0.000048,0.000137,0.015224,0.000323,0.000057,0.000072
img_00620.jpg,0.983767,0.000268,0.011720,0.000240,0.002175,0.001717,0.000039,0.000075
img_00642.jpg,0.000739,0.000361,0.004639,0.991986,0.001547,0.000542,0.000144,0.000041
img_00646.jpg,0.000095,0.000856,0.032670,0.000036,0.000028,0.000332,0.000048,0.965936
img_00648.jpg,0.999932,0.000045,0.000003,0.000002,0.000007,0.000005,0.000002,0.000005
img_00650.jpg,0.751113,0.000601,0.001264,0.000076,0.000995,0.244740,0.001099,0.000113
img_00654.jpg,0.615125,0.021113,0.024524,0.004181,0.298425,0.036010,0.000363,0.000259
img_00664.jpg,0.996447,0.000420,0.000138,0.000034,0.002322,0.000062,0.000016,0.000560
img_00667.jpg,0.005654,0.040926,0.000541,0.001704,0.712148,0.185925,0.000978,0.052125
img_00676.jpg,0.004436,0.010742,0.000105,0.001005,0.328477,0.009132,0.000109,0.645993
img_00697.jpg,0.000000,0.000001,0.000005,0.000001,0.000000,0.000002,0.000002,0.999990
img_00708.jpg,0.309172,0.047481,0.003254,0.002098,0.000397,0.166933,0.002412,0.468253
img_00716.jpg,0.006980,0.118238,0.001202,0.023180,0.000768,0.110750,0.369557,0.369325
img_00717.jpg,0.678462,0.265248,0.000452,0.001253,0.000020,0.050397,0.000628,0.003541
img_00718.jpg,0.996698,0.000013,0.000064,0.000141,0.000017,0.002017,0.000088,0.000960
img_00723.jpg,0.582352,0.042765,0.002092,0.023470,0.291088,0.012741,0.006950,0.038542
img_00724.jpg,0.008535,0.007110,0.082453,0.096659,0.018251,0.000707,0.293958,0.492327
img_00726.jpg,0.997781,0.000035,0.000038,0.000014,0.001869,0.000075,0.000132,0.000056
img_00729.jpg,0.914944,0.000556,0.003153,0.000469,0.073817,0.003622,0.003207,0.000233
img_00730.jpg,0.083393,0.042823,0.000280,0.000210,0.000186,0.000165,0.000033,0.872910
img_00757.jpg,0.999290,0.000011,0.000023,0.000103,0.000194,0.000203,0.000008,0.000169
img_00760.jpg,0.001807,0.002373,0.008973,0.985926,0.000729,0.000133,0.000055,0.000003
img_00763.jpg,0.000504,0.003243,0.000713,0.000254,0.289349,0.000796,0.002469,0.702672
img_00764.jpg,0.010209,0.130404,0.033718,0.002564,0.076191,0.002536,0.003041,0.741338
img_00765.jpg,0.000238,0.003196,0.000013,0.002304,0.000012,0.993655,0.000129,0.000453
img_00772.jpg,0.000002,0.000641,0.724167,0.001322,0.000240,0.004073,0.000577,0.268978
img_00773.jpg,0.960721,0.000349,0.028797,0.002579,0.000361,0.007089,0.000098,0.000005
img_00777.jpg,0.653494,0.188301,0.001387,0.000719,0.005505,0.134687,0.015561,0.000346
img_00780.jpg,0.000309,0.016483,0.002755,0.000208,0.000028,0.025099,0.002043,0.953076
img_00798.jpg,0.925723,0.011786,0.000144,0.000248,0.000019,0.000063,0.000386,0.061632
img_00808.jpg,0.979144,0.000500,0.003726,0.002228,0.000068,0.000588,0.000187,0.013559
img_00816.jpg,0.999152,0.000017,0.000038,0.000010,0.000153,0.000498,0.000017,0.000115
img_00828.jpg,0.000024,0.000213,0.000319,0.000541,0.998529,0.000134,0.000138,0.000102
img_00833.jpg,0.184844,0.019675,0.004979,0.004524,0.001000,0.187149,0.002082,0.595746
img_00837.jpg,0.999405,0.000044,0.000065,0.000012,0.000419,0.000022,0.000007,0.000027
img_00855.jpg,0.920644,0.000237,0.000714,0.000432,0.000215,0.000181,0.000111,0.077465
img_00857.jpg,0.987783,0.005606,0.000578,0.000316,0.005316,0.000201,0.000123,0.000078
img_00858.jpg,0.992703,0.000047,0.000003,0.000034,0.000327,0.000187,0.000047,0.006651
img_00865.jpg,0.999333,0.000211,0.000342,0.000023,0.000021,0.000035,0.000016,0.000018
img_00876.jpg,0.002015,0.014778,0.000322,0.001245,0.674331,0.014958,0.000209,0.292142
img_00889.jpg,0.013830,0.008842,0.119273,0.001385,0.001864,0.042951,0.005834,0.806023
img_00894.jpg,0.940549,0.007587,0.004496,0.001012,0.031149,0.000463,0.000129,0.014615
img_00902.jpg,0.000004,0.065131,0.000961,0.000720,0.002517,0.000029,0.930397,0.000242
img_00914.jpg,0.000065,0.000871,0.000158,0.000020,0.000059,0.000314,0.000043,0.998470
img_00921.jpg,0.783885,0.001813,0.001479,0.000962,0.023150,0.163407,0.005423,0.019881
img_00927.jpg,0.927819,0.001454,0.000024,0.000041,0.000309,0.000008,0.000005,0.070339
img_00943.jpg,0.989943,0.000805,0.000993,0.000114,0.004079,0.000142,0.000638,0.003286
img_00948.jpg,0.537765,0.023847,0.029249,0.013286,0.193284,0.007192,0.001633,0.193744
img_00950.jpg,0.000560,0.000275,0.000879,0.000711,0.974950,0.015749,0.002175,0.004701
img_00959.jpg,0.950205,0.000136,0.000223,0.000236,0.047290,0.000264,0.001265,0.000380
img_00962.jpg,0.000057,0.010608,0.000239,0.000026,0.000012,0.002420,0.000057,0.986580
img_00964.jpg,0.000182,0.010908,0.982374,0.000187,0.000100,0.003980,0.000054,0.002216
img_00966.jpg,0.987522,0.003007,0.000902,0.000441,0.006603,0.000037,0.001127,0.000360
img_00974.jpg,0.658647,0.175234,0.000501,0.001961,0.000175,0.003823,0.000812,0.158846
img_00979.jpg,0.221180,0.003844,0.069826,0.006494,0.000146,0.000495,0.000843,0.697173
img_00982.jpg,0.053807,0.595940,0.022249,0.004154,0.008992,0.012550,0.023385,0.278923
img_00985.jpg,0.293230,0.295985,0.000880,0.013771,0.020123,0.021365,0.002193,0.352454
img_00999.jpg,0.999749,0.000127,0.000006,0.000002,0.000027,0.000003,0.000000,0.000086
img_01022.jpg,0.610652,0.008761,0.022195,0.030765,0.307487,0.019071,0.000319,0.000750
img_01031.jpg,0.889070,0.007345,0.028849,0.003086,0.002188,0.068160,0.001300,0.000002
img_01035.jpg,0.387589,0.274431,0.001426,0.000573,0.001778,0.328523,0.005517,0.000163
img_01043.jpg,0.000024,0.000005,0.000014,0.000011,0.999875,0.000026,0.000042,0.000003
img_01058.jpg,0.989524,0.003612,0.001488,0.000240,0.000520,0.000946,0.000205,0.003464
img_01059.jpg,0.958831,0.005028,0.000078,0.000023,0.000026,0.009211,0.000143,0.026660
img_01090.jpg,0.053659,0.003742,0.000249,0.000217,0.941649,0.000113,0.000134,0.000237
img_01102.jpg,0.024651,0.245276,0.177236,0.005913,0.082163,0.000217,0.003625,0.460920
img_01103.jpg,0.249268,0.107897,0.002932,0.001480,0.002416,0.000008,0.002022,0.633977
img_01116.jpg,0.987334,0.004825,0.000236,0.000415,0.000142,0.006367,0.000108,0.000572
img_01134.jpg,0.937622,0.000107,0.000154,0.001066,0.000095,0.049410,0.000319,0.011227
img_01142.jpg,0.998418,0.000001,0.000006,0.000011,0.000126,0.000202,0.000002,0.001233
img_01168.jpg,0.014744,0.012683,0.000274,0.003243,0.000944,0.967512,0.000265,0.000335
img_01171.jpg,0.000267,0.002472,0.000484,0.000268,0.549663,0.000189,0.001390,0.445267
img_01177.jpg,0.981484,0.000016,0.000134,0.000132,0.004284,0.003626,0.000023,0.010301
img_01179.jpg,0.994177,0.001004,0.000252,0.000446,0.002867,0.000954,0.000190,0.000109
img_01188.jpg,0.000358,0.000250,0.000010,0.000529,0.000007,0.998648,0.000033,0.000166
img_01198.jpg,0.435628,0.001190,0.002247,0.001773,0.553154,0.000899,0.000102,0.005007
img_01204.jpg,0.074755,0.069299,0.000435,0.000978,0.605846,0.050107,0.000326,0.198253
img_01208.jpg,0.000919,0.000009,0.000076,0.000029,0.997337,0.000250,0.000039,0.001340
img_01211.jpg,0.979901,0.002827,0.000278,0.000835,0.000358,0.002560,0.001804,0.011439
img_01213.jpg,0.991723,0.001382,0.000379,0.000239,0.003380,0.002650,0.000089,0.000157
img_01222.jpg,0.834655,0.049664,0.003382,0.040365,0.000073,0.013274,0.001058,0.057528
img_01224.jpg,0.554600,0.013634,0.064058,0.001060,0.000229,0.002727,0.000256,0.363435
img_01237.jpg,0.001055,0.000004,0.000143,0.000625,0.996290,0.000803,0.000999,0.000080
img_01249.jpg,0.019433,0.000214,0.000601,0.001862,0.975901,0.001951,0.000037,0.000001
img_01253.jpg,0.000000,0.000130,0.000004,0.000007,0.000000,0.000179,0.000006,0.999674
img_01286.jpg,0.308670,0.013309,0.007554,0.014562,0.169059,0.091762,0.003800,0.391284
img_01289.jpg,0.897057,0.004152,0.000087,0.000041,0.000078,0.004225,0.000248,0.094113
img_01325.jpg,0.022607,0.045508,0.000684,0.002087,0.928055,0.000222,0.000304,0.000533
img_01328.jpg,0.981482,0.001523,0.000284,0.000286,0.012975,0.002435,0.000339,0.000676
img_01366.jpg,0.475968,0.000070,0.000622,0.007845,0.001880,0.512227,0.000387,0.001000
img_01371.jpg,0.979220,0.007382,0.001107,0.000148,0.008877,0.000446,0.000155,0.002665
img_01373.jpg,0.193054,0.001112,0.004371,0.002557,0.726238,0.071750,0.000281,0.000637
img_01377.jpg,0.007640,0.005741,0.002737,0.002397,0.976232,0.003745,0.000052,0.001457
img_01379.jpg,0.998721,0.000125,0.000127,0.000037,0.000519,0.000437,0.000024,0.000011
img_01384.jpg,0.155513,0.654423,0.078108,0.001846,0.011423,0.092510,0.002992,0.003185
img_01388.jpg,0.923727,0.031312,0.000360,0.000241,0.011794,0.030949,0.000339,0.001278
img_01392.jpg,0.000001,0.004535,0.995059,0.000014,0.000047,0.000213,0.000020,0.000111
img_01399.jpg,0.000129,0.952855,0.025863,0.000220,0.000143,0.014512,0.000308,0.005970
img_01404.jpg,0.979790,0.000193,0.000350,0.015894,0.000054,0.003344,0.000371,0.000005
img_01405.jpg,0.996372,0.002068,0.000049,0.000041,0.000040,0.000235,0.000084,0.001112
img_01413.jpg,0.955061,0.000187,0.000259,0.000510,0.043577,0.000105,0.000074,0.000227
img_01426.jpg,0.023121,0.924959,0.000343,0.000250,0.000022,0.000211,0.020744,0.030349
img_01431.jpg,0.000822,0.007493,0.013022,0.977753,0.000454,0.000377,0.000075,0.000004
img_01441.jpg,0.000000,0.000625,0.001451,0.000123,0.000003,0.000382,0.003405,0.994011
img_01444.jpg,0.456697,0.022073,0.006091,0.001327,0.001736,0.373120,0.000721,0.138234
img_01490.jpg,0.000162,0.001391,0.972172,0.000026,0.000011,0.000099,0.000008,0.026132
img_01495.jpg,0.951992,0.004205,0.011849,0.001662,0.000126,0.000967,0.000369,0.028830
img_01505.jpg,0.034549,0.073790,0.000409,0.000690,0.194679,0.060414,0.000827,0.634643
img_01511.jpg,0.994873,0.000058,0.000365,0.000052,0.001590,0.003037,0.000013,0.000013
img_01519.jpg,0.467627,0.231928,0.041980,0.002979,0.002576,0.235868,0.012771,0.004271
img_01530.jpg,0.971925,0.000379,0.000686,0.000374,0.025824,0.000336,0.000092,0.000385
img_01537.jpg,0.794237,0.000168,0.001254,0.000814,0.002061,0.199315,0.000341,0.001811
img_01538.jpg,0.972215,0.006310,0.001113,0.000538,0.001446,0.016188,0.001362,0.000828
img_01541.jpg,0.000103,0.000690,0.000552,0.000468,0.984902,0.000892,0.000132,0.012261
img_01543.jpg,0.998808,0.000028,0.000009,0.000004,0.001068,0.000076,0.000002,0.000006
img_01548.jpg,0.999608,0.000009,0.000004,0.000002,0.000338,0.000021,0.000001,0.000017
img_01552.jpg,0.996588,0.000393,0.000244,0.000117,0.002227,0.000230,0.000172,0.000029
img_01561.jpg,0.000003,0.000001,0.000002,0.000008,0.999975,0.000006,0.000001,0.000005
img_01562.jpg,0.025871,0.027500,0.000595,0.000291,0.000045,0.000126,0.006121,0.939449
img_01571.jpg,0.997597,0.001542,0.000529,0.000034,0.000098,0.000035,0.000089,0.000077
img_01593.jpg,0.946532,0.009699,0.000080,0.000230,0.001050,0.003326,0.000061,0.039021
img_01595.jpg,0.000002,0.000051,0.000032,0.000017,0.999877,0.000002,0.000017,0.000002
img_01616.jpg,0.995207,0.000556,0.001107,0.000161,0.000429,0.000222,0.001936,0.000381
img_01618.jpg,0.993728,0.002047,0.000124,0.000272,0.002892,0.000153,0.000576,0.000208
img_01627.jpg,0.998147,0.000252,0.000050,0.000060,0.000005,0.001421,0.000058,0.000008
img_01632.jpg,0.999504,0.000083,0.000018,0.000008,0.000216,0.000052,0.000011,0.000107
img_01633.jpg,0.597152,0.003530,0.000768,0.000343,0.001180,0.383254,0.008891,0.004883
img_01640.jpg,0.999860,0.000095,0.000004,0.000002,0.000019,0.000007,0.000003,0.000009
img_01646.jpg,0.995659,0.001834,0.000273,0.000902,0.000300,0.000068,0.000274,0.000692
img_01647.jpg,0.940566,0.011707,0.001879,0.000397,0.038840,0.000041,0.000896,0.005674
img_01649.jpg,0.766976,0.000158,0.002789,0.004092,0.165977,0.001676,0.003418,0.054915
img_01657.jpg,0.000000,0.000083,0.999380,0.000008,0.000112,0.000015,0.000004,0.000397
img_01669.jpg,0.000476,0.003239,0.009695,0.984728,0.001680,0.000148,0.000033,0.000001
img_01673.jpg,0.983141,0.000859,0.000293,0.000305,0.003542,0.000949,0.000178,0.010733
img_01681.jpg,0.003872,0.000621,0.000096,0.000011,0.000026,0.000014,0.000012,0.995348
img_01684.jpg,0.824729,0.015288,0.001452,0.008362,0.000105,0.006139,0.000369,0.143554
img_01685.jpg,0.114695,0.018580,0.232188,0.003302,0.518374,0.047782,0.011575,0.053504
img_01687.jpg,0.013874,0.000359,0.000017,0.000003,0.000001,0.000019,0.000010,0.985718
img_01688.jpg,0.858038,0.003028,0.000102,0.000069,0.000283,0.006732,0.000275,0.131474
img_01689.jpg,0.000562,0.005038,0.006175,0.000320,0.000242,0.679130,0.002240,0.306292
img_01716.jpg,0.000013,0.000836,0.000911,0.001350,0.992881,0.000568,0.000682,0.002758
img_01717.jpg,0.277009,0.224157,0.006193,0.073591,0.315210,0.031418,0.022024,0.050399
img_01724.jpg,0.779022,0.000291,0.000891,0.000350,0.001335,0.216154,0.000229,0.001728
img_01745.jpg,0.996891,0.000073,0.000185,0.000026,0.000113,0.000027,0.000007,0.002677
img_01771.jpg,0.998003,0.000223,0.000502,0.000163,0.000169,0.000793,0.000091,0.000056
img_01773.jpg,0.280678,0.001710,0.000693,0.000119,0.000091,0.000076,0.001084,0.715549
img_01781.jpg,0.577946,0.005587,0.001567,0.083958,0.319676,0.007976,0.000503,0.002786
img_01782.jpg,0.000001,0.000028,0.000013,0.000018,0.999922,0.000003,0.000012,0.000002
img_01802.jpg,0.965338,0.002981,0.000314,0.001323,0.008865,0.000393,0.000185,0.020601
img_01803.jpg,0.000000,0.000159,0.999820,0.000003,0.000007,0.000009,0.000001,0.000002
img_01824.jpg,0.791901,0.003294,0.001076,0.000446,0.002707,0.184312,0.014306,0.001958
img_01825.jpg,0.000065,0.993892,0.002810,0.000225,0.001765,0.001135,0.000081,0.000027
img_01831.jpg,0.893366,0.000234,0.012431,0.059360,0.001299,0.007283,0.000815,0.025212
img_01834.jpg,0.439019,0.009194,0.017724,0.002156,0.000229,0.002170,0.000756,0.528752
img_01847.jpg,0.021307,0.010637,0.000219,0.001181,0.000054,0.000253,0.000051,0.966298
img_01853.jpg,0.775942,0.004061,0.000047,0.000045,0.000274,0.000021,0.000004,0.219606
img_01856.jpg,0.743940,0.000690,0.000471,0.000744,0.009500,0.002543,0.002024,0.240088
img_01860.jpg,0.904537,0.000926,0.006156,0.000430,0.005074,0.022440,0.000164,0.060274
img_01862.jpg,0.752751,0.000379,0.000742,0.000374,0.002688,0.242378,0.000162,0.000526
img_01874.jpg,0.111888,0.002586,0.003107,0.005398,0.362998,0.473606,0.005619,0.034798
img_01888.jpg,0.084460,0.044926,0.000430,0.013197,0.000303,0.847994,0.000638,0.008053
img_01918.jpg,0.000113,0.000757,0.035269,0.951669,0.000028,0.002916,0.005959,0.003288
img_01930.jpg,0.856248,0.028934,0.068020,0.003750,0.003294,0.039088,0.000641,0.000024
img_01932.jpg,0.951009,0.001861,0.001815,0.007602,0.001996,0.017787,0.005299,0.012632
img_01955.jpg,0.000000,0.000001,0.000001,0.000000,0.000000,0.000008,0.000000,0.999990
img_01963.jpg,0.999522,0.000004,0.000007,0.000017,0.000249,0.000077,0.000035,0.000090
img_01966.jpg,0.759938,0.018120,0.000643,0.003377,0.000175,0.003046,0.005467,0.209235
img_01976.jpg,0.999345,0.000019,0.000011,0.000003,0.000047,0.000012,0.000003,0.000560
img_01983.jpg,0.884475,0.002625,0.014546,0.002438,0.088074,0.004666,0.000175,0.003001
img_01984.jpg,0.142780,0.028578,0.000554,0.002691,0.000085,0.000629,0.000260,0.824424
img_01995.jpg,0.003708,0.706436,0.001671,0.054259,0.003564,0.025106,0.002076,0.203179
img_01996.jpg,0.435916,0.001131,0.001360,0.000563,0.013888,0.541329,0.004978,0.000834
img_02001.jpg,0.996851,0.000637,0.000023,0.000027,0.000248,0.002134,0.000014,0.000066
img_02006.jpg,0.780554,0.011354,0.041528,0.052490,0.001153,0.057015,0.008210,0.047696
img_02066.jpg,0.864924,0.012679,0.006571,0.001512,0.034016,0.013370,0.001934,0.064994
img_02074.jpg,0.999778,0.000153,0.000012,0.000028,0.000006,0.000022,0.000001,0.000001
img_02076.jpg,0.001474,0.787383,0.003791,0.000745,0.074292,0.000367,0.000681,0.131267
img_02077.jpg,0.405080,0.007008,0.040087,0.076284,0.001606,0.467595,0.001607,0.000734
img_02078.jpg,0.011366,0.002869,0.454297,0.003646,0.519800,0.000591,0.000593,0.006839
img_02082.jpg,0.618411,0.000024,0.001025,0.000491,0.365905,0.003272,0.010684,0.000189
img_02083.jpg,0.000000,0.000002,0.000008,0.000006,0.999923,0.000055,0.000005,0.000001
img_02096.jpg,0.999636,0.000093,0.000012,0.000010,0.000107,0.000005,0.000010,0.000126
img_02119.jpg,0.868309,0.004242,0.085644,0.001006,0.000977,0.039134,0.000154,0.000535
img_02124.jpg,0.528102,0.000341,0.000363,0.000162,0.000660,0.468527,0.001605,0.000240
img_02135.jpg,0.000005,0.000109,0.000007,0.000163,0.996487,0.000002,0.003225,0.000002
img_02146.jpg,0.959606,0.000306,0.000199,0.000102,0.039389,0.000096,0.000038,0.000264
img_02159.jpg,0.082022,0.004715,0.003696,0.020287,0.863339,0.007430,0.001753,0.016757
img_02172.jpg,0.717348,0.000274,0.000623,0.001098,0.007417,0.272442,0.000324,0.000474
img_02180.jpg,0.994414,0.000495,0.000035,0.000007,0.000062,0.004822,0.000006,0.000158
img_02188.jpg,0.210301,0.010115,0.000685,0.000840,0.000040,0.015187,0.015385,0.747448
img_02194.jpg,0.998330,0.000003,0.000002,0.000023,0.001538,0.000095,0.000003,0.000006
img_02209.jpg,0.006864,0.001280,0.000598,0.000216,0.011656,0.972252,0.006764,0.000369
img_02216.jpg,0.005572,0.933680,0.000863,0.000233,0.035606,0.000433,0.000107,0.023507
img_02231.jpg,0.351664,0.000889,0.008077,0.012662,0.375605,0.208784,0.028106,0.014213
img_02235.jpg,0.000015,0.168624,0.000276,0.048359,0.007661,0.007695,0.000365,0.767006
img_02252.jpg,0.941194,0.000014,0.000073,0.000019,0.058472,0.000020,0.000052,0.000156
img_02268.jpg,0.996843,0.000099,0.000189,0.000254,0.000739,0.000465,0.000161,0.001248
img_02270.jpg,0.990926,0.000105,0.000134,0.000112,0.005510,0.000637,0.000019,0.002557
img_02281.jpg,0.204168,0.017334,0.040446,0.608694,0.013168,0.010786,0.049656,0.055748
img_02282.jpg,0.000000,0.000025,0.000020,0.000002,0.000000,0.000015,0.000005,0.999934
img_02285.jpg,0.767962,0.000289,0.000175,0.000234,0.229963,0.001082,0.000250,0.000045
img_02291.jpg,0.993684,0.005190,0.000160,0.000043,0.000499,0.000057,0.000045,0.000323
img_02299.jpg,0.643197,0.116479,0.012140,0.098396,0.000285,0.066033,0.007105,0.056364
img_02305.jpg,0.000104,0.578002,0.000939,0.065102,0.058693,0.000861,0.000106,0.296193
img_02307.jpg,0.460184,0.173720,0.000430,0.000922,0.009184,0.009059,0.000266,0.346236
img_02309.jpg,0.999662,0.000294,0.000004,0.000002,0.000019,0.000007,0.000003,0.000010
img_02318.jpg,0.030896,0.028964,0.000776,0.001288,0.000521,0.002207,0.000274,0.935075
img_02347.jpg,0.098657,0.003968,0.006224,0.001948,0.878999,0.001189,0.000361,0.008655
img_02356.jpg,0.000259,0.000079,0.000070,0.001314,0.000646,0.001180,0.000265,0.996186
img_02367.jpg,0.989037,0.001361,0.000390,0.000065,0.006066,0.000021,0.000135,0.002924
img_02372.jpg,0.000008,0.000005,0.000199,0.000026,0.999728,0.000018,0.000014,0.000000
img_02379.jpg,0.277187,0.000543,0.000511,0.001138,0.001394,0.002652,0.001688,0.714888
img_02384.jpg,0.160364,0.006400,0.000998,0.000428,0.000622,0.471823,0.006745,0.352621
img_02398.jpg,0.853077,0.000447,0.009413,0.011103,0.000465,0.088092,0.002234,0.035169
img_02400.jpg,0.992684,0.000045,0.006363,0.000164,0.000081,0.000626,0.000025,0.000013
img_02406.jpg,0.461000,0.003308,0.021351,0.263980,0.000866,0.242408,0.005521,0.001566
img_02412.jpg,0.728094,0.000270,0.000097,0.000077,0.000563,0.000270,0.000153,0.270476
img_02416.jpg,0.003901,0.717522,0.025655,0.013621,0.003998,0.025683,0.039870,0.169751
img_02422.jpg,0.928533,0.028166,0.000627,0.001457,0.003464,0.034088,0.000699,0.002966
img_02479.jpg,0.000042,0.000083,0.000519,0.000095,0.998794,0.000214,0.000161,0.000092
img_02486.jpg,0.938231,0.034343,0.003969,0.000472,0.000003,0.017339,0.000287,0.005357
img_02487.jpg,0.993759,0.000235,0.000833,0.000098,0.001725,0.000058,0.000672,0.002620
img_02507.jpg,0.106403,0.379564,0.396768,0.008238,0.023388,0.026773,0.016765,0.042102
img_02522.jpg,0.999386,0.000148,0.000013,0.000030,0.000023,0.000050,0.000008,0.000341
img_02540.jpg,0.478680,0.228367,0.097890,0.010684,0.025722,0.152981,0.004730,0.000946
img_02546.jpg,0.067767,0.057557,0.017376,0.050253,0.242340,0.003072,0.002561,0.559074
img_02556.jpg,0.721093,0.003660,0.000118,0.000196,0.000446,0.000216,0.000023,0.274248
img_02560.jpg,0.000018,0.000001,0.000008,0.000002,0.999962,0.000002,0.000002,0.000005
img_02563.jpg,0.000002,0.000372,0.000109,0.000046,0.999055,0.000041,0.000092,0.000283
img_02565.jpg,0.800052,0.008748,0.000585,0.000830,0.020160,0.024427,0.000865,0.144333
img_02573.jpg,0.033253,0.460993,0.018854,0.010145,0.002393,0.039921,0.032046,0.402395
img_02574.jpg,0.418528,0.010738,0.003139,0.004716,0.274615,0.024712,0.001820,0.261731
img_02602.jpg,0.875446,0.018278,0.001833,0.000948,0.025686,0.000213,0.001359,0.076237
img_02607.jpg,0.012629,0.000825,0.002941,0.003632,0.489282,0.475271,0.010933,0.004487
img_02622.jpg,0.985209,0.000129,0.000078,0.000021,0.002672,0.004149,0.000258,0.007482
img_02625.jpg,0.608443,0.000411,0.000269,0.000045,0.000948,0.388769,0.001011,0.000104
img_02636.jpg,0.639257,0.001374,0.001695,0.002754,0.079633,0.000360,0.006996,0.267931
img_02638.jpg,0.907514,0.000447,0.001415,0.002176,0.000283,0.000063,0.000159,0.087943
img_02641.jpg,0.993700,0.000003,0.000010,0.000038,0.000188,0.000333,0.000006,0.005722
img_02646.jpg,0.000046,0.004541,0.000009,0.000089,0.000034,0.000437,0.000036,0.994808
img_02648.jpg,0.001731,0.001415,0.004136,0.000425,0.001423,0.016752,0.001051,0.973067
img_02651.jpg,0.984868,0.000075,0.000031,0.000044,0.014602,0.000334,0.000006,0.000039
img_02656.jpg,0.472367,0.415257,0.001177,0.010541,0.000551,0.018024,0.001075,0.081008
img_02666.jpg,0.999388,0.000037,0.000015,0.000005,0.000051,0.000046,0.000006,0.000453
img_02679.jpg,0.046399,0.370921,0.016528,0.001285,0.561513,0.000677,0.001669,0.001009
img_02687.jpg,0.002523,0.014993,0.001068,0.000865,0.000083,0.000101,0.000271,0.980096
img_02699.jpg,0.854834,0.000214,0.000521,0.001266,0.025731,0.000357,0.002529,0.114550
img_02702.jpg,0.988869,0.000041,0.000032,0.000030,0.010913,0.000102,0.000005,0.000006
img_02703.jpg,0.109020,0.002281,0.003294,0.012927,0.019245,0.196304,0.002916,0.654014
img_02709.jpg,0.999282,0.000014,0.000009,0.000081,0.000120,0.000198,0.000007,0.000288
img_02726.jpg,0.875071,0.001301,0.040798,0.002604,0.075198,0.003163,0.000681,0.001184
img_02733.jpg,0.999389,0.000003,0.000014,0.000220,0.000040,0.000140,0.000062,0.000132
img_02734.jpg,0.926711,0.011773,0.019232,0.004648,0.002639,0.014775,0.002524,0.017699
img_02739.jpg,0.999874,0.000067,0.000002,0.000004,0.000016,0.000011,0.000003,0.000024
img_02749.jpg,0.897519,0.000174,0.003063,0.063422,0.000883,0.024526,0.001160,0.009253
img_02759.jpg,0.001505,0.003042,0.047514,0.000061,0.000021,0.002304,0.000221,0.945331
img_02764.jpg,0.987927,0.000025,0.000011,0.000220,0.011428,0.000301,0.000057,0.000031
img_02766.jpg,0.993045,0.001336,0.000299,0.000192,0.004584,0.000462,0.000056,0.000027
img_02769.jpg,0.000025,0.000085,0.004316,0.000013,0.000002,0.000175,0.000019,0.995365
img_02771.jpg,0.989002,0.000459,0.000093,0.001209,0.000005,0.008887,0.000041,0.000304
img_02789.jpg,0.213775,0.000038,0.001581,0.000334,0.782602,0.000278,0.001381,0.000010
img_02799.jpg,0.981908,0.010165,0.000200,0.000265,0.003701,0.002210,0.000586,0.000963
img_02808.jpg,0.999033,0.000257,0.000069,0.000160,0.000027,0.000449,0.000006,0.000000
img_02811.jpg,0.993307,0.000031,0.000124,0.000181,0.000033,0.002630,0.000065,0.003629
img_02830.jpg,0.090441,0.612258,0.005363,0.009445,0.000542,0.123191,0.079192,0.079568
img_02834.jpg,0.669866,0.002998,0.000280,0.000210,0.000039,0.000426,0.000915,0.325266
img_02837.jpg,0.695198,0.297056,0.000752,0.000343,0.000378,0.005439,0.000787,0.000047
img_02838.jpg,0.991823,0.000080,0.000159,0.000125,0.000607,0.000231,0.000019,0.006956
img_02842.jpg,0.090560,0.001939,0.001643,0.000478,0.015942,0.884141,0.005260,0.000038
img_02857.jpg,0.004226,0.015930,0.000947,0.000773,0.962578,0.004566,0.000155,0.010825
img_02865.jpg,0.003915,0.052352,0.000597,0.002589,0.704805,0.110857,0.001137,0.123748
img_02871.jpg,0.071465,0.802263,0.001092,0.011951,0.001662,0.040255,0.049316,0.021995
img_02876.jpg,0.008560,0.000225,0.000243,0.000064,0.000671,0.000026,0.000022,0.990188
img_02889.jpg,0.996108,0.000042,0.000055,0.000648,0.000711,0.001806,0.000046,0.000584
img_02890.jpg,0.510067,0.000073,0.000268,0.004443,0.000969,0.483658,0.000260,0.000263
img_02899.jpg,0.998957,0.000004,0.000039,0.000588,0.000013,0.000068,0.000070,0.000260
img_02904.jpg,0.984360,0.000019,0.014583,0.000502,0.000343,0.000027,0.000146,0.000020
img_02911.jpg,0.007063,0.003951,0.070101,0.864594,0.001475,0.000391,0.011581,0.040844
img_02916.jpg,0.930587,0.003746,0.049780,0.000690,0.001353,0.012875,0.000962,0.000008
img_02920.jpg,0.997342,0.001119,0.000195,0.000066,0.000056,0.000723,0.000073,0.000426
img_02943.jpg,0.998961,0.000114,0.000160,0.000124,0.000021,0.000417,0.000046,0.000156
img_02949.jpg,0.858749,0.000861,0.055135,0.081609,0.002562,0.000631,0.000425,0.000027
img_02954.jpg,0.000775,0.053480,0.006433,0.001245,0.912790,0.001498,0.000320,0.023460
img_02956.jpg,0.957580,0.003134,0.001552,0.000136,0.000200,0.000321,0.000087,0.036989
img_02964.jpg,0.000014,0.001440,0.011104,0.000138,0.000241,0.002605,0.000157,0.984301
img_02974.jpg,0.830535,0.038575,0.024791,0.005595,0.087483,0.002259,0.002709,0.008053
img_02977.jpg,0.263271,0.314521,0.000509,0.000959,0.414490,0.000518,0.000293,0.005439
img_02993.jpg,0.000155,0.000450,0.001045,0.000065,0.000008,0.003950,0.000091,0.994237
img_03014.jpg,0.008259,0.016856,0.000378,0.000417,0.962191,0.007603,0.000339,0.003958
img_03043.jpg,0.000430,0.008762,0.002739,0.000181,0.000056,0.182580,0.006666,0.798587
img_03055.jpg,0.998867,0.000041,0.000088,0.000752,0.000019,0.000218,0.000011,0.000005
img_03064.jpg,0.758207,0.002272,0.002365,0.000283,0.008428,0.067574,0.005736,0.155137
img_03069.jpg,0.624835,0.006844,0.000369,0.004951,0.000490,0.040199,0.000444,0.321868
img_03074.jpg,0.998636,0.000211,0.000152,0.000277,0.000124,0.000325,0.000167,0.000107
img_03078.jpg,0.753210,0.165814,0.052568,0.008741,0.000037,0.018217,0.000855,0.000559
img_03080.jpg,0.995650,0.000235,0.000061,0.000278,0.000718,0.001627,0.000625,0.000806
img_03082.jpg,0.879018,0.105966,0.000123,0.001800,0.000152,0.000011,0.001825,0.011106
img_03087.jpg,0.002365,0.000084,0.000541,0.000127,0.990259,0.006296,0.000164,0.000162
img_03116.jpg,0.001257,0.006365,0.001139,0.000229,0.151882,0.000584,0.000478,0.838067
img_03128.jpg,0.999481,0.000040,0.000002,0.000002,0.000115,0.000086,0.000001,0.000274
img_03135.jpg,0.871649,0.003726,0.000087,0.000337,0.001028,0.000050,0.000013,0.123111
img_03140.jpg,0.886375,0.092248,0.003235,0.000524,0.005167,0.000040,0.000942,0.011470
img_03166.jpg,0.983627,0.000609,0.000052,0.000195,0.001368,0.000702,0.000104,0.013343
img_03169.jpg,0.000537,0.004156,0.784864,0.000192,0.000170,0.000090,0.000084,0.209908
img_03181.jpg,0.904437,0.038399,0.000394,0.000345,0.019315,0.035689,0.000267,0.001155
img_03195.jpg,0.985607,0.001254,0.000108,0.000125,0.000614,0.010113,0.000024,0.002155
img_03199.jpg,0.967515,0.010860,0.000265,0.000096,0.000059,0.000021,0.000607,0.020577
img_03210.jpg,0.000091,0.023557,0.053365,0.001499,0.005069,0.298486,0.003848,0.614085
img_03220.jpg,0.984849,0.000022,0.000030,0.000028,0.010386,0.000511,0.000023,0.004152
img_03222.jpg,0.941544,0.051238,0.000293,0.000320,0.000282,0.004663,0.001283,0.000377
img_03223.jpg,0.970919,0.028349,0.000053,0.000064,0.000015,0.000542,0.000038,0.000021
img_03228.jpg,0.992978,0.000031,0.000077,0.000097,0.000001,0.000009,0.000017,0.006789
img_03229.jpg,0.245402,0.047677,0.022104,0.008949,0.000716,0.394886,0.219339,0.060928
img_03231.jpg,0.901283,0.000233,0.048459,0.008838,0.020046,0.019915,0.000087,0.001139
img_03238.jpg,0.975667,0.002418,0.000065,0.000116,0.002222,0.016233,0.000093,0.003187
img_03239.jpg,0.000001,0.018059,0.000300,0.000427,0.000032,0.000009,0.980801,0.000371
img_03252.jpg,0.995620,0.002980,0.000412,0.000129,0.000620,0.000071,0.000087,0.000081
img_03254.jpg,0.339418,0.001385,0.001756,0.000223,0.002445,0.651111,0.003213,0.000449
img_03260.jpg,0.998270,0.000074,0.000097,0.000091,0.000100,0.001149,0.000020,0.000199
img_03261.jpg,0.999474,0.000071,0.000132,0.000083,0.000023,0.000146,0.000018,0.000053
img_03270.jpg,0.001792,0.000019,0.000040,0.000234,0.000553,0.000242,0.000120,0.997000
img_03283.jpg,0.084392,0.108309,0.017675,0.293008,0.000007,0.004862,0.003629,0.488118
img_03290.jpg,0.356511,0.010587,0.000873,0.000352,0.000888,0.005136,0.002945,0.622707
img_03297.jpg,0.982861,0.000511,0.010048,0.000269,0.005248,0.000963,0.000038,0.000062
img_03310.jpg,0.983141,0.012565,0.000163,0.000283,0.000463,0.003339,0.000042,0.000004
img_03312.jpg,0.999050,0.000137,0.000106,0.000263,0.000004,0.000251,0.000023,0.000165
img_03324.jpg,0.232087,0.001565,0.013863,0.000462,0.000061,0.001941,0.000171,0.749850
img_03333.jpg,0.925765,0.004279,0.000964,0.000314,0.001355,0.064022,0.003117,0.000183
img_03342.jpg,0.681786,0.031736,0.000062,0.000182,0.003952,0.001828,0.000026,0.280428
img_03346.jpg,0.544981,0.004906,0.002073,0.001718,0.033211,0.407657,0.003180,0.002274
img_03355.jpg,0.102672,0.007536,0.000369,0.000238,0.000096,0.000154,0.004398,0.884536
img_03361.jpg,0.000019,0.998134,0.000729,0.000244,0.000068,0.000266,0.000283,0.000257
img_03370.jpg,0.998315,0.000039,0.000001,0.000001,0.000022,0.000070,0.000000,0.001550
img_03399.jpg,0.409039,0.072562,0.000546,0.002107,0.005113,0.482882,0.026737,0.001014
img_03410.jpg,0.687768,0.000327,0.000120,0.000732,0.310617,0.000062,0.000064,0.000310
img_03422.jpg,0.998453,0.000452,0.000072,0.000151,0.000019,0.000847,0.000005,0.000003
img_03426.jpg,0.980381,0.000660,0.000604,0.000957,0.004065,0.002098,0.000953,0.010281
img_03439.jpg,0.860307,0.000156,0.018506,0.093182,0.000431,0.008142,0.000945,0.018333
img_03440.jpg,0.000011,0.000882,0.001226,0.000073,0.000003,0.000756,0.000066,0.996982
img_03444.jpg,0.965704,0.033360,0.000056,0.000045,0.000230,0.000072,0.000302,0.000230
img_03445.jpg,0.566571,0.000105,0.002020,0.000961,0.422641,0.000027,0.000076,0.007599
img_03446.jpg,0.000000,0.003579,0.995891,0.000010,0.000018,0.000201,0.000007,0.000293
img_03452.jpg,0.000495,0.999358,0.000016,0.000006,0.000008,0.000006,0.000015,0.000095
img_03454.jpg,0.796001,0.000388,0.002948,0.001298,0.194862,0.000741,0.003412,0.000350
img_03456.jpg,0.000154,0.000932,0.000045,0.000098,0.998068,0.000192,0.000075,0.000435
img_03457.jpg,0.555473,0.000539,0.001483,0.000814,0.002688,0.438291,0.000096,0.000616
img_03471.jpg,0.000071,0.000249,0.017614,0.970449,0.000104,0.003018,0.005462,0.003033
img_03475.jpg,0.001397,0.000152,0.000325,0.000198,0.997488,0.000049,0.000054,0.000338
img_03488.jpg,0.894058,0.021116,0.000277,0.000726,0.000005,0.081355,0.000283,0.002179
img_03490.jpg,0.017303,0.735059,0.053194,0.007835,0.006214,0.055101,0.026291,0.099004
img_03502.jpg,0.763792,0.014045,0.003116,0.000773,0.006934,0.124595,0.000238,0.086507
img_03504.jpg,0.944314,0.003813,0.000170,0.000103,0.010399,0.040985,0.000132,0.000084
img_03520.jpg,0.856720,0.001112,0.000874,0.000535,0.053856,0.032053,0.000911,0.053939
img_03527.jpg,0.000000,0.000165,0.001730,0.000042,0.000001,0.000203,0.000036,0.997823
img_03547.jpg,0.989039,0.009825,0.000312,0.000409,0.000127,0.000167,0.000117,0.000003
img_03548.jpg,0.948067,0.000554,0.000773,0.000118,0.000145,0.001359,0.000146,0.048839
img_03554.jpg,0.963298,0.015863,0.001659,0.000618,0.011127,0.002590,0.001296,0.003549
img_03563.jpg,0.705600,0.238584,0.000075,0.007350,0.000724,0.000006,0.002347,0.045315
img_03581.jpg,0.718527,0.000417,0.059700,0.108951,0.001150,0.081685,0.002044,0.027527
img_03584.jpg,0.000002,0.009288,0.001324,0.000950,0.001825,0.000192,0.000385,0.986035
img_03587.jpg,0.152714,0.005410,0.000139,0.000091,0.000120,0.000172,0.000199,0.841154
img_03588.jpg,0.509109,0.000831,0.000903,0.001343,0.015050,0.460128,0.011902,0.000734
img_03602.jpg,0.043381,0.001341,0.001071,0.000227,0.015940,0.930852,0.007139,0.000049
img_03627.jpg,0.994770,0.002790,0.000502,0.000179,0.001289,0.000305,0.000140,0.000026
img_03628.jpg,0.997321,0.000241,0.000026,0.000011,0.000052,0.000027,0.000011,0.002311
img_03652.jpg,0.915332,0.000084,0.000107,0.000469,0.078651,0.004366,0.000128,0.000864
img_03670.jpg,0.844500,0.000266,0.001817,0.001345,0.148063,0.000609,0.002729,0.000670
img_03674.jpg,0.000180,0.000004,0.000028,0.000021,0.999749,0.000015,0.000002,0.000001
img_03677.jpg,0.822846,0.015359,0.000837,0.001686,0.000314,0.008526,0.000200,0.150233
img_03711.jpg,0.999424,0.000022,0.000008,0.000027,0.000012,0.000287,0.000013,0.000207
img_03715.jpg,0.202002,0.016459,0.023752,0.489846,0.154247,0.084701,0.025690,0.003304
img_03718.jpg,0.993729,0.000133,0.000088,0.000732,0.000051,0.003612,0.000220,0.001434
img_03726.jpg,0.000024,0.552820,0.000822,0.056911,0.018461,0.000559,0.000110,0.370293
img_03739.jpg,0.000003,0.002890,0.001705,0.000087,0.000006,0.002032,0.000098,0.993178
img_03749.jpg,0.307808,0.069078,0.000663,0.000356,0.001394,0.320571,0.004066,0.296063
img_03750.jpg,0.903027,0.001623,0.001277,0.000294,0.004798,0.045913,0.005062,0.038006
img_03760.jpg,0.978288,0.000773,0.000152,0.000059,0.000115,0.017679,0.000178,0.002757
img_03764.jpg,0.996555,0.000220,0.000665,0.000239,0.000021,0.000104,0.000220,0.001976
