image,ALB,BET,DOL,LAG,NoF,OTHER,SHARK,YFT
img_00005.jpg,0.004067,0.000019,0.000336,0.001132,0.993402,0.000049,0.000945,0.000049
img_00007.jpg,0.034352,0.105489,0.015866,0.023746,0.000134,0.007789,0.012069,0.800556
img_00009.jpg,0.894335,0.074019,0.001565,0.001575,0.001000,0.020619,0.000694,0.006192
img_00018.jpg,0.789318,0.016682,0.006658,0.005833,0.001686,0.175110,0.001467,0.003246
img_00027.jpg,0.238083,0.039025,0.015962,0.004360,0.010080,0.258054,0.002781,0.431655
img_00030.jpg,0.274339,0.007488,0.008439,0.019601,0.592547,0.005151,0.054454,0.037980
img_00040.jpg,0.056101,0.040882,0.004139,0.018099,0.010917,0.432759,0.391012,0.046090
img_00046.jpg,0.742468,0.002532,0.004106,0.001131,0.243083,0.000782,0.001702,0.004195
img_00053.jpg,0.922607,0.003980,0.037495,0.007500,0.008896,0.005725,0.005618,0.008178
img_00071.jpg,0.039935,0.003312,0.002367,0.838709,0.025869,0.056451,0.014841,0.018515
img_00075.jpg,0.414294,0.044254,0.013634,0.004125,0.012982,0.503420,0.004934,0.002357
img_00102.jpg,0.198050,0.161810,0.006806,0.014558,0.001930,0.124931,0.006876,0.485039
img_00103.jpg,0.943801,0.005465,0.001971,0.006152,0.001271,0.023929,0.001127,0.016285
img_00109.jpg,0.878177,0.000180,0.003114,0.000759,0.114191,0.000188,0.001916,0.001474
img_00119.jpg,0.014567,0.040316,0.004525,0.020024,0.622160,0.007686,0.003202,0.287520
img_00120.jpg,0.155717,0.016597,0.004773,0.002254,0.000994,0.002609,0.049021,0.768036
img_00125.jpg,0.402333,0.141843,0.085124,0.016700,0.000324,0.117877,0.033401,0.202399
img_00128.jpg,0.000911,0.075249,0.636492,0.000989,0.003025,0.006577,0.001689,0.275068
img_00129.jpg,0.104350,0.037805,0.003296,0.022427,0.009146,0.508919,0.229092,0.084966
img_00133.jpg,0.047264,0.004619,0.002776,0.006970,0.915568,0.018894,0.002232,0.001677
img_00138.jpg,0.587526,0.077397,0.059264,0.023042,0.177132,0.017231,0.010304,0.048104
img_00141.jpg,0.000000,0.000096,0.000965,0.000041,0.000006,0.000001,0.000015,0.998875
img_00152.jpg,0.000159,0.001105,0.001323,0.001361,0.001532,0.004907,0.002566,0.987047
img_00161.jpg,0.000421,0.000787,0.001258,0.000368,0.000066,0.010071,0.000887,0.986141
img_00164.jpg,0.014242,0.005069,0.013031,0.003044,0.905528,0.008944,0.020173,0.029971
img_00170.jpg,0.534762,0.014703,0.014350,0.218310,0.019748,0.159079,0.005040,0.034009
img_00171.jpg,0.433749,0.006971,0.007499,0.037087,0.005768,0.504534,0.003089,0.001303
img_00172.jpg,0.007006,0.000025,0.000311,0.000527,0.991852,0.000061,0.000139,0.000079
img_00175.jpg,0.537997,0.009850,0.003300,0.020234,0.003895,0.421950,0.002215,0.000557
img_00180.jpg,0.053946,0.000720,0.009912,0.005359,0.150575,0.002277,0.013715,0.763496
img_00196.jpg,0.051040,0.054081,0.005211,0.028531,0.725394,0.027002,0.003600,0.105141
img_00212.jpg,0.018401,0.000773,0.000829,0.002089,0.000285,0.002638,0.000277,0.974708
img_00223.jpg,0.542608,0.012968,0.264302,0.008747,0.004936,0.153455,0.004531,0.008454
img_00230.jpg,0.935075,0.047553,0.004595,0.002131,0.000231,0.008420,0.000534,0.001461
img_00232.jpg,0.000852,0.064106,0.001840,0.000859,0.001449,0.000679,0.911031,0.019185
img_00244.jpg,0.416297,0.193960,0.009733,0.016485,0.003188,0.024118,0.013782,0.322437
img_00272.jpg,0.446138,0.175227,0.180645,0.082050,0.002432,0.068305,0.005902,0.039303
img_00280.jpg,0.264841,0.002208,0.001722,0.004081,0.717581,0.001917,0.004602,0.003048
img_00282.jpg,0.468223,0.010820,0.007252,0.045050,0.008586,0.454919,0.004218,0.000933
img_00285.jpg,0.926927,0.008704,0.003067,0.002029,0.003310,0.011885,0.011276,0.032802
img_00289.jpg,0.868255,0.001286,0.000494,0.001407,0.125448,0.002106,0.000681,0.000322
img_00292.jpg,0.324078,0.076690,0.005014,0.006077,0.025604,0.061212,0.021784,0.479542
img_00302.jpg,0.056971,0.036179,0.003721,0.017122,0.010324,0.343743,0.495972,0.035968
img_00311.jpg,0.998260,0.000562,0.000031,0.000059,0.000616,0.000037,0.000019,0.000416
img_00320.jpg,0.963422,0.007991,0.005738,0.002619,0.006179,0.006337,0.007368,0.000348
img_00331.jpg,0.248034,0.002834,0.002731,0.002584,0.031878,0.516935,0.011337,0.183669
img_00358.jpg,0.430656,0.054213,0.000879,0.014221,0.000928,0.323591,0.010114,0.165399
img_00374.jpg,0.405329,0.135944,0.024599,0.006147,0.001799,0.047121,0.004284,0.374777
img_00375.jpg,0.172639,0.061840,0.168347,0.072982,0.136008,0.370440,0.010667,0.007076
img_00376.jpg,0.676258,0.003303,0.028598,0.003790,0.102228,0.036082,0.035622,0.114120
img_00380.jpg,0.924577,0.004976,0.017489,0.005233,0.031192,0.013452,0.002285,0.000795
img_00383.jpg,0.984218,0.001975,0.000338,0.000197,0.009074,0.000721,0.000264,0.003213
img_00398.jpg,0.605750,0.003485,0.003206,0.004274,0.172341,0.006472,0.088057,0.116415
img_00407.jpg,0.909096,0.009987,0.004412,0.021839,0.002713,0.049430,0.000899,0.001623
img_00417.jpg,0.029812,0.000463,0.001554,0.005892,0.000691,0.009061,0.000578,0.951950
img_00432.jpg,0.579437,0.011926,0.032537,0.020293,0.054269,0.280918,0.007199,0.013422
img_00442.jpg,0.000008,0.000171,0.001470,0.000112,0.000009,0.000051,0.000212,0.997966
img_00446.jpg,0.737211,0.012801,0.002191,0.015525,0.100526,0.084976,0.003643,0.043127
img_00469.jpg,0.863448,0.019506,0.006823,0.020588,0.003768,0.016851,0.014697,0.054318
img_00473.jpg,0.786020,0.003804,0.002082,0.000907,0.049552,0.000533,0.000597,0.156505
img_00483.jpg,0.957802,0.000318,0.000299,0.000131,0.015087,0.000044,0.000494,0.025825
img_00484.jpg,0.337076,0.071761,0.032256,0.032916,0.023709,0.006096,0.018488,0.477699
img_00486.jpg,0.709361,0.069299,0.135921,0.038917,0.015399,0.020885,0.006669,0.003549
img_00487.jpg,0.000507,0.000215,0.000436,0.000603,0.996765,0.000135,0.000913,0.000425
img_00493.jpg,0.241455,0.004856,0.015722,0.051830,0.605351,0.043349,0.007000,0.030438
img_00518.jpg,0.791663,0.003654,0.035046,0.004004,0.125009,0.006184,0.017512,0.016927
img_00533.jpg,0.037854,0.187127,0.003167,0.024065,0.000426,0.034973,0.005231,0.707157
img_00538.jpg,0.718552,0.009223,0.018030,0.010968,0.026145,0.004397,0.002683,0.210002
img_00543.jpg,0.997891,0.000734,0.000044,0.000071,0.000487,0.000057,0.000022,0.000694
img_00550.jpg,0.589500,0.051796,0.028171,0.008018,0.062339,0.216007,0.011587,0.032581
img_00551.jpg,0.895989,0.005661,0.002823,0.009686,0.017186,0.063997,0.001591,0.003067
img_00564.jpg,0.029723,0.000362,0.000357,0.002538,0.954538,0.004790,0.001359,0.006333
img_00575.jpg,0.561565,0.007677,0.005448,0.005067,0.026665,0.079565,0.052316,0.261696
img_00582.jpg,0.663632,0.221677,0.009907,0.006262,0.004912,0.048771,0.015032,0.029808
img_00584.jpg,0.936768,0.004034,0.003591,0.001956,0.044554,0.001920,0.000236,0.006941
img_00587.jpg,0.185222,0.064934,0.008454,0.007374,0.001729,0.069032,0.000657,0.662599
img_00590.jpg,0.349901,0.032020,0.002182,0.003662,0.001189,0.009908,0.001215,0.599922
img_00591.jpg,0.425967,0.019275,0.009909,0.003771,0.004121,0.086700,0.005067,0.445189
img_00598.jpg,0.863697,0.039856,0.005800,0.023524,0.010284,0.003884,0.003126,0.049830
img_00599.jpg,0.886001,0.010475,0.003478,0.001479,0.002578,0.011590,0.011755,0.072645
img_00612.jpg,0.856841,0.001551,0.002082,0.000341,0.004167,0.104787,0.026171,0.004060
img_00618.jpg,0.808275,0.000959,0.001144,0.003412,0.179126,0.004869,0.001305,0.000910
img_00620.jpg,0.925138,0.003094,0.026032,0.010214,0.009024,0.019927,0.005954,0.000617
img_00642.jpg,0.033170,0.002911,0.013464,0.882607,0.019793,0.037992,0.006334,0.003730
img_00646.jpg,0.000057,0.000537,0.007194,0.030306,0.000047,0.000474,0.000431,0.960954
img_00648.jpg,0.998406,0.000432,0.000034,0.000037,0.000479,0.000043,0.000021,0.000548
img_00650.jpg,0.414878,0.004308,0.007921,0.001831,0.020957,0.463015,0.072539,0.014552
img_00654.jpg,0.234174,0.037185,0.055349,0.014892,0.560497,0.052269,0.006082,0.039551
img_00664.jpg,0.986787,0.000997,0.001080,0.000490,0.007529,0.000551,0.000372,0.002195
img_00667.jpg,0.026317,0.045068,0.002936,0.014473,0.728942,0.011856,0.003521,0.166886
img_00676.jpg,0.015146,0.034854,0.004026,0.019791,0.673952,0.007837,0.002033,0.242361
img_00697.jpg,0.000001,0.000130,0.015609,0.000072,0.000033,0.000005,0.000066,0.984085
img_00708.jpg,0.465947,0.004308,0.001253,0.003466,0.001294,0.178696,0.023141,0.321895
img_00716.jpg,0.058963,0.024110,0.006774,0.007570,0.009275,0.038853,0.415760,0.438695
img_00717.jpg,0.392745,0.302567,0.006555,0.053044,0.001053,0.222901,0.015759,0.005376
img_00718.jpg,0.801942,0.010277,0.005693,0.010702,0.008223,0.139010,0.005383,0.018769
img_00723.jpg,0.135122,0.111647,0.011804,0.015140,0.592328,0.002165,0.035457,0.096338
img_00724.jpg,0.046782,0.004697,0.085616,0.099169,0.041596,0.024940,0.517040,0.180160
img_00726.jpg,0.966453,0.001652,0.003140,0.001289,0.014482,0.002742,0.009343,0.000899
img_00729.jpg,0.764109,0.001794,0.010141,0.004233,0.187928,0.005683,0.025060,0.001052
img_00730.jpg,0.053446,0.007380,0.000886,0.000740,0.000206,0.000440,0.001018,0.935884
img_00757.jpg,0.702436,0.061491,0.019940,0.069652,0.016533,0.110841,0.004190,0.014918
img_00760.jpg,0.084242,0.042205,0.009232,0.791864,0.003850,0.059811,0.002362,0.006434
img_00763.jpg,0.014873,0.009040,0.003178,0.001013,0.810155,0.000366,0.001025,0.160350
img_00764.jpg,0.034806,0.041391,0.062089,0.011435,0.126472,0.000614,0.002950,0.720243
img_00765.jpg,0.051945,0.093993,0.000977,0.026624,0.000553,0.739568,0.001431,0.084908
img_00772.jpg,0.004005,0.001885,0.391411,0.001397,0.000759,0.001088,0.000456,0.599000
img_00773.jpg,0.638109,0.013723,0.276973,0.034947,0.010182,0.015848,0.004034,0.006185
img_00777.jpg,0.510427,0.025590,0.004411,0.005383,0.015968,0.425543,0.008819,0.003859
img_00780.jpg,0.002416,0.008135,0.015342,0.001931,0.000578,0.031931,0.008513,0.931153
img_00798.jpg,0.798613,0.173927,0.004634,0.001207,0.003473,0.004194,0.004269,0.009683
img_00808.jpg,0.912753,0.024375,0.003353,0.005023,0.001728,0.005423,0.002324,0.045021
img_00816.jpg,0.907309,0.000473,0.002350,0.021285,0.060747,0.002153,0.001570,0.004113
img_00828.jpg,0.000092,0.000373,0.000063,0.000241,0.998755,0.000060,0.000166,0.000250
img_00833.jpg,0.259880,0.003732,0.001541,0.012810,0.002134,0.202858,0.013377,0.503669
img_00837.jpg,0.980046,0.004679,0.001451,0.001612,0.006440,0.004082,0.001307,0.000383
img_00855.jpg,0.685066,0.014059,0.001648,0.039992,0.001910,0.001891,0.007800,0.247634
img_00857.jpg,0.922804,0.023311,0.010391,0.002427,0.010627,0.011280,0.018276,0.000884
img_00858.jpg,0.936386,0.014175,0.000371,0.001038,0.015348,0.001809,0.000292,0.030582
img_00865.jpg,0.934465,0.037411,0.005445,0.003279,0.000804,0.013743,0.004015,0.000839
img_00876.jpg,0.014421,0.022061,0.002775,0.013957,0.832347,0.003895,0.002487,0.108058
img_00889.jpg,0.002420,0.009451,0.151341,0.061937,0.000677,0.040593,0.006324,0.727258
img_00894.jpg,0.727253,0.006830,0.015735,0.009052,0.194903,0.005535,0.012229,0.028463
img_00902.jpg,0.000984,0.092080,0.001628,0.000585,0.001289,0.000693,0.892338,0.010403
img_00914.jpg,0.001247,0.028634,0.078964,0.001718,0.018960,0.003047,0.004093,0.863337
img_00921.jpg,0.406231,0.003576,0.005172,0.004498,0.072733,0.371853,0.021035,0.114902
img_00927.jpg,0.319530,0.071106,0.001923,0.003884,0.003614,0.008323,0.001388,0.590233
img_00943.jpg,0.904673,0.000569,0.000539,0.000281,0.078287,0.000086,0.002085,0.013479
img_00948.jpg,0.369337,0.019326,0.013727,0.020589,0.505034,0.005432,0.019749,0.046807
img_00950.jpg,0.033104,0.002992,0.029826,0.007275,0.875081,0.018738,0.005464,0.027521
img_00959.jpg,0.941960,0.001355,0.000732,0.001708,0.050699,0.001642,0.000595,0.001310
img_00962.jpg,0.000097,0.022437,0.032704,0.001865,0.000777,0.000709,0.000212,0.941199
img_00964.jpg,0.000864,0.015099,0.868368,0.000796,0.000388,0.008825,0.001479,0.104181
img_00966.jpg,0.879263,0.006175,0.002935,0.002259,0.039102,0.000482,0.003411,0.066372
img_00974.jpg,0.059714,0.696499,0.007916,0.041941,0.000459,0.009180,0.001884,0.182407
img_00979.jpg,0.102679,0.013908,0.293304,0.004409,0.001713,0.030746,0.007564,0.545677
img_00982.jpg,0.197667,0.257991,0.018105,0.011887,0.244087,0.002896,0.018098,0.249269
img_00985.jpg,0.271195,0.059785,0.003525,0.006021,0.019706,0.048173,0.015875,0.575719
img_00999.jpg,0.935295,0.011339,0.001547,0.000402,0.002476,0.009945,0.001105,0.037890
img_01022.jpg,0.527502,0.010512,0.014385,0.079116,0.127712,0.223726,0.009743,0.007302
img_01031.jpg,0.693215,0.005093,0.134931,0.028648,0.010682,0.111356,0.013147,0.002927
img_01035.jpg,0.813470,0.009568,0.003690,0.003369,0.009250,0.152798,0.005234,0.002621
img_01043.jpg,0.010625,0.000628,0.000269,0.000633,0.985050,0.000186,0.001507,0.001102
img_01058.jpg,0.841272,0.011810,0.005604,0.000965,0.010653,0.000836,0.002876,0.125985
img_01059.jpg,0.520540,0.104295,0.003674,0.003155,0.000844,0.207448,0.040125,0.119920
img_01090.jpg,0.096099,0.011433,0.005035,0.003074,0.870948,0.000675,0.003431,0.009305
img_01102.jpg,0.250697,0.316526,0.101656,0.060480,0.026031,0.005265,0.018605,0.220740
img_01103.jpg,0.263895,0.062481,0.011337,0.005195,0.004962,0.000349,0.010669,0.641112
img_01116.jpg,0.790191,0.174492,0.010968,0.004133,0.000333,0.002043,0.001825,0.016015
img_01134.jpg,0.671307,0.006890,0.005394,0.008580,0.017249,0.278693,0.003102,0.008784
img_01142.jpg,0.924608,0.003223,0.003635,0.003106,0.034673,0.006552,0.001754,0.022450
img_01168.jpg,0.035747,0.043858,0.003036,0.045129,0.000729,0.677832,0.004104,0.189565
img_01171.jpg,0.008806,0.007940,0.004855,0.001106,0.799970,0.000294,0.001472,0.175557
img_01177.jpg,0.799393,0.003235,0.011602,0.013457,0.118073,0.018608,0.004150,0.031482
img_01179.jpg,0.686347,0.007812,0.012743,0.029031,0.152864,0.105816,0.003978,0.001408
img_01188.jpg,0.122417,0.072461,0.000896,0.025285,0.000857,0.678452,0.001287,0.098345
img_01198.jpg,0.371806,0.012654,0.006388,0.002466,0.590879,0.003238,0.001541,0.011028
img_01204.jpg,0.030333,0.036908,0.002800,0.013102,0.610593,0.008480,0.002832,0.294953
img_01208.jpg,0.028423,0.001931,0.014607,0.001767,0.938105,0.003644,0.001318,0.010206
img_01211.jpg,0.891559,0.042259,0.010903,0.002479,0.008520,0.003248,0.004854,0.036179
img_01213.jpg,0.565949,0.113156,0.015343,0.061876,0.029358,0.009087,0.012481,0.192749
img_01222.jpg,0.312263,0.404669,0.014285,0.044744,0.000300,0.167051,0.016261,0.040430
img_01224.jpg,0.244307,0.026740,0.225243,0.004393,0.002790,0.014989,0.008642,0.472896
img_01237.jpg,0.131075,0.001273,0.005858,0.006344,0.818222,0.006110,0.017698,0.013419
img_01249.jpg,0.038999,0.008109,0.003957,0.018538,0.918364,0.007552,0.004024,0.000457
img_01253.jpg,0.000097,0.000833,0.000914,0.000250,0.000036,0.005252,0.000441,0.992175
img_01286.jpg,0.425710,0.052592,0.008304,0.008643,0.140658,0.039349,0.018413,0.306330
img_01289.jpg,0.664533,0.110106,0.001287,0.000934,0.001729,0.093361,0.008133,0.119917
img_01325.jpg,0.278130,0.099878,0.007706,0.005497,0.588670,0.002045,0.003700,0.014374
img_01328.jpg,0.673682,0.039472,0.009870,0.024601,0.095313,0.012778,0.011603,0.132681
img_01366.jpg,0.491097,0.007165,0.002729,0.017848,0.003911,0.475152,0.001551,0.000548
img_01371.jpg,0.912512,0.002394,0.002457,0.001054,0.059392,0.002558,0.000693,0.018940
img_01373.jpg,0.160756,0.037849,0.050611,0.011432,0.517231,0.142366,0.014010,0.065746
img_01377.jpg,0.044906,0.004576,0.013901,0.005218,0.913462,0.003778,0.000502,0.013656
img_01379.jpg,0.899567,0.019514,0.012103,0.006889,0.047103,0.011808,0.001758,0.001259
img_01384.jpg,0.451607,0.037024,0.057505,0.007487,0.017886,0.363840,0.009138,0.055512
img_01388.jpg,0.506557,0.064161,0.003769,0.001990,0.007250,0.408212,0.003580,0.004482
img_01392.jpg,0.002878,0.169266,0.597375,0.002720,0.006138,0.004758,0.001540,0.215325
img_01399.jpg,0.000956,0.540841,0.167420,0.008271,0.026073,0.003713,0.003618,0.249108
img_01404.jpg,0.718623,0.026599,0.004814,0.106501,0.004356,0.039055,0.003114,0.096938
img_01405.jpg,0.933691,0.010132,0.002617,0.006235,0.007992,0.032521,0.003855,0.002957
img_01413.jpg,0.917152,0.001093,0.002665,0.007169,0.066038,0.003832,0.001163,0.000889
img_01426.jpg,0.042523,0.826987,0.006734,0.001779,0.000485,0.019249,0.026153,0.076090
img_01431.jpg,0.027599,0.020923,0.005491,0.891873,0.002461,0.048090,0.001282,0.002281
img_01441.jpg,0.000451,0.000638,0.010341,0.000464,0.000123,0.003378,0.034401,0.950204
img_01444.jpg,0.151278,0.009898,0.004376,0.001943,0.002226,0.127119,0.001585,0.701574
img_01490.jpg,0.001789,0.014789,0.839235,0.001755,0.000343,0.001840,0.000472,0.139777
img_01495.jpg,0.780458,0.008042,0.025012,0.001789,0.001255,0.007054,0.004169,0.172221
img_01505.jpg,0.018374,0.050847,0.001734,0.009615,0.579113,0.004623,0.001535,0.334159
img_01511.jpg,0.913430,0.004571,0.014016,0.004220,0.034487,0.025917,0.002246,0.001114
img_01519.jpg,0.648410,0.017189,0.002109,0.004342,0.001369,0.284880,0.020089,0.021613
img_01530.jpg,0.384174,0.006221,0.008887,0.008479,0.558181,0.002741,0.007842,0.023475
img_01537.jpg,0.768083,0.007877,0.014551,0.004482,0.009490,0.190697,0.002515,0.002305
img_01538.jpg,0.592545,0.029428,0.003453,0.006299,0.002005,0.352692,0.011445,0.002133
img_01541.jpg,0.000895,0.014672,0.000925,0.003101,0.967796,0.001575,0.001387,0.009649
img_01543.jpg,0.884426,0.003599,0.023219,0.001030,0.077703,0.001432,0.000414,0.008175
img_01548.jpg,0.978768,0.000299,0.000958,0.000468,0.014406,0.001888,0.000465,0.002747
img_01552.jpg,0.966584,0.002857,0.006494,0.002145,0.006572,0.005291,0.007803,0.002254
img_01561.jpg,0.000870,0.000040,0.000307,0.001279,0.996758,0.000202,0.000326,0.000219
img_01562.jpg,0.072245,0.009398,0.003257,0.002970,0.001028,0.001013,0.046904,0.863184
img_01571.jpg,0.971997,0.001899,0.001231,0.000272,0.005847,0.000113,0.001991,0.016650
img_01593.jpg,0.849998,0.013848,0.001084,0.004572,0.006353,0.060128,0.005341,0.058676
img_01595.jpg,0.007388,0.002576,0.001285,0.001893,0.957206,0.001132,0.001290,0.027230
img_01616.jpg,0.963642,0.001739,0.003170,0.001684,0.011285,0.004280,0.012340,0.001858
img_01618.jpg,0.889668,0.010795,0.002900,0.002959,0.039303,0.041290,0.003030,0.010055
img_01627.jpg,0.979613,0.004887,0.000996,0.000415,0.000234,0.013108,0.000541,0.000207
img_01632.jpg,0.907569,0.000351,0.000783,0.000856,0.082510,0.001738,0.000848,0.005345
img_01633.jpg,0.543334,0.006175,0.002755,0.000697,0.001111,0.390886,0.049805,0.005236
img_01640.jpg,0.996493,0.001101,0.000056,0.000085,0.000637,0.000045,0.000037,0.001546
img_01646.jpg,0.833845,0.071316,0.001248,0.011755,0.000707,0.001036,0.008740,0.071353
img_01647.jpg,0.529502,0.001112,0.006258,0.001909,0.404721,0.000290,0.003870,0.052338
img_01649.jpg,0.710127,0.002918,0.004897,0.013222,0.228284,0.020153,0.006067,0.014331
img_01657.jpg,0.000142,0.010117,0.800153,0.002725,0.006958,0.000258,0.000233,0.179415
img_01669.jpg,0.060421,0.016181,0.006289,0.861505,0.006114,0.045491,0.001218,0.002783
img_01673.jpg,0.692121,0.032825,0.004146,0.004134,0.185945,0.010971,0.009757,0.060101
img_01681.jpg,0.004139,0.013184,0.010158,0.000178,0.000496,0.001095,0.000628,0.970122
img_01684.jpg,0.769452,0.043194,0.004804,0.089998,0.001658,0.020646,0.003551,0.066698
img_01685.jpg,0.574739,0.004564,0.012387,0.008902,0.276333,0.081972,0.006959,0.034144
img_01687.jpg,0.154012,0.018851,0.002658,0.001128,0.001629,0.002217,0.004230,0.815276
img_01688.jpg,0.548613,0.089278,0.002268,0.001460,0.002568,0.110217,0.015405,0.230190
img_01689.jpg,0.003254,0.013759,0.015852,0.005425,0.004335,0.173026,0.045628,0.738720
img_01716.jpg,0.000600,0.001545,0.000171,0.000734,0.995757,0.000253,0.000229,0.000711
img_01717.jpg,0.151579,0.117873,0.010362,0.013692,0.574041,0.002281,0.025826,0.104346
img_01724.jpg,0.783070,0.004477,0.009635,0.001917,0.007732,0.188453,0.001288,0.003429
img_01745.jpg,0.971202,0.001892,0.005317,0.003121,0.004041,0.001468,0.000484,0.012474
img_01771.jpg,0.930289,0.013786,0.005484,0.003144,0.002301,0.007590,0.001789,0.035617
img_01773.jpg,0.337828,0.010572,0.003515,0.001433,0.001510,0.000258,0.024128,0.620757
img_01781.jpg,0.133748,0.032624,0.014010,0.577123,0.185220,0.035621,0.007040,0.014614
img_01782.jpg,0.038857,0.001363,0.000747,0.001581,0.938808,0.000679,0.001338,0.016627
img_01802.jpg,0.762840,0.014796,0.002538,0.005117,0.122907,0.015301,0.008355,0.068145
img_01803.jpg,0.000213,0.035555,0.864623,0.000434,0.000295,0.002617,0.000479,0.095783
img_01824.jpg,0.450148,0.006665,0.002446,0.001163,0.001371,0.493415,0.036711,0.008081
img_01825.jpg,0.008451,0.963526,0.004199,0.000681,0.014917,0.000278,0.001107,0.006842
img_01831.jpg,0.596874,0.016978,0.012802,0.203494,0.015864,0.096142,0.005550,0.052295
img_01834.jpg,0.164022,0.013279,0.173220,0.005753,0.001361,0.014534,0.010850,0.616981
img_01847.jpg,0.187761,0.112122,0.002592,0.006567,0.001389,0.041285,0.001374,0.646910
img_01853.jpg,0.373582,0.062682,0.002023,0.003257,0.003336,0.006262,0.001263,0.547595
img_01856.jpg,0.859611,0.004150,0.000307,0.000444,0.004302,0.000426,0.000467,0.130292
img_01860.jpg,0.725048,0.003800,0.006662,0.001383,0.028688,0.112201,0.010471,0.111748
img_01862.jpg,0.724143,0.004613,0.009706,0.002492,0.019257,0.234572,0.001867,0.003350
img_01874.jpg,0.254403,0.007327,0.002915,0.004701,0.092453,0.578494,0.011769,0.047939
img_01888.jpg,0.105132,0.097617,0.000994,0.018555,0.001236,0.696795,0.001161,0.078509
img_01918.jpg,0.158166,0.008655,0.054539,0.674003,0.013832,0.056947,0.021929,0.011927
img_01930.jpg,0.927319,0.004673,0.019677,0.004726,0.024443,0.015408,0.002392,0.001362
img_01932.jpg,0.835466,0.019074,0.006698,0.018710,0.004853,0.014453,0.011568,0.089179
img_01955.jpg,0.000243,0.000432,0.009123,0.010397,0.000625,0.001079,0.001156,0.976946
img_01963.jpg,0.990946,0.000571,0.000184,0.000111,0.003453,0.000048,0.001292,0.003395
img_01966.jpg,0.831903,0.076771,0.001376,0.009483,0.002689,0.004053,0.008178,0.065546
img_01976.jpg,0.930952,0.004431,0.000757,0.000464,0.003418,0.000292,0.000263,0.059423
img_01983.jpg,0.479809,0.002533,0.027154,0.025608,0.425543,0.024073,0.005387,0.009894
img_01984.jpg,0.011718,0.209977,0.002099,0.003587,0.000031,0.001043,0.001316,0.770228
img_01995.jpg,0.002631,0.419839,0.004940,0.042634,0.003694,0.226728,0.009168,0.290367
img_01996.jpg,0.100481,0.003109,0.000567,0.000694,0.001329,0.886177,0.005897,0.001747
img_02001.jpg,0.834240,0.001604,0.000532,0.011960,0.003637,0.121907,0.001395,0.024725
img_02006.jpg,0.203376,0.062964,0.212984,0.355809,0.015151,0.100513,0.020641,0.028562
img_02066.jpg,0.482712,0.039616,0.041404,0.012762,0.122010,0.061726,0.039138,0.200633
img_02074.jpg,0.903022,0.021357,0.005949,0.045657,0.004175,0.017454,0.000834,0.001552
img_02076.jpg,0.027687,0.695006,0.067975,0.006701,0.094717,0.001061,0.016783,0.090070
img_02077.jpg,0.276313,0.007963,0.009414,0.165046,0.007066,0.514518,0.010066,0.009614
img_02078.jpg,0.018981,0.012382,0.214891,0.004348,0.684384,0.002436,0.006015,0.056563
img_02082.jpg,0.254023,0.000606,0.003223,0.004957,0.645902,0.002466,0.086063,0.002759
img_02083.jpg,0.002807,0.000249,0.000216,0.001333,0.991914,0.000491,0.000169,0.002822
img_02096.jpg,0.998276,0.000264,0.000453,0.000127,0.000110,0.000168,0.000209,0.000393
img_02119.jpg,0.673824,0.019794,0.180594,0.006709,0.003291,0.108403,0.003279,0.004105
img_02124.jpg,0.196254,0.000583,0.002056,0.000349,0.000646,0.793616,0.005865,0.000631
img_02135.jpg,0.007403,0.008261,0.000437,0.003392,0.910047,0.001415,0.067007,0.002038
img_02146.jpg,0.543887,0.001389,0.000719,0.001518,0.449270,0.001064,0.000443,0.001709
img_02159.jpg,0.036375,0.021442,0.017492,0.020872,0.880295,0.005070,0.005457,0.012997
img_02172.jpg,0.831258,0.007886,0.009084,0.003209,0.008570,0.134186,0.002397,0.003409
img_02180.jpg,0.962655,0.000923,0.000359,0.000206,0.000321,0.034031,0.000553,0.000953
img_02188.jpg,0.259787,0.021821,0.002311,0.006493,0.000469,0.013639,0.151007,0.544473
img_02194.jpg,0.940941,0.001001,0.000453,0.001432,0.050193,0.002132,0.000275,0.003572
img_02209.jpg,0.217882,0.000964,0.002431,0.000540,0.007250,0.734969,0.026466,0.009497
img_02216.jpg,0.171866,0.558699,0.022886,0.001650,0.112225,0.007537,0.002621,0.122517
img_02231.jpg,0.347439,0.011798,0.014339,0.096925,0.350676,0.046251,0.010158,0.122414
img_02235.jpg,0.000329,0.165976,0.001003,0.012827,0.003431,0.008038,0.001229,0.807167
img_02252.jpg,0.965699,0.000170,0.000489,0.000084,0.032035,0.000071,0.000415,0.001036
img_02268.jpg,0.921996,0.007596,0.005847,0.006588,0.023765,0.004452,0.003476,0.026279
img_02270.jpg,0.666675,0.062319,0.017600,0.039586,0.030859,0.091048,0.005975,0.085939
img_02281.jpg,0.191393,0.012138,0.015080,0.640506,0.094855,0.023049,0.012550,0.010429
img_02282.jpg,0.000001,0.000024,0.000279,0.010092,0.000002,0.000071,0.000343,0.989189
img_02285.jpg,0.942837,0.000414,0.001129,0.000503,0.052969,0.000990,0.000944,0.000213
img_02291.jpg,0.971568,0.006395,0.008243,0.001701,0.006081,0.003015,0.001884,0.001112
img_02299.jpg,0.349653,0.325795,0.019955,0.034203,0.000442,0.196623,0.023601,0.049728
img_02305.jpg,0.001538,0.104289,0.001713,0.024311,0.007469,0.004145,0.003131,0.853403
img_02307.jpg,0.338075,0.044156,0.002687,0.003193,0.021062,0.064691,0.006096,0.520040
img_02309.jpg,0.998147,0.000455,0.000030,0.000050,0.000339,0.000034,0.000022,0.000923
img_02318.jpg,0.077395,0.001097,0.001030,0.002786,0.002436,0.003920,0.001239,0.910097
img_02347.jpg,0.335901,0.012727,0.008951,0.002754,0.616301,0.002817,0.002399,0.018149
img_02356.jpg,0.050011,0.001270,0.017424,0.015269,0.145292,0.002965,0.031394,0.736375
img_02367.jpg,0.853242,0.007034,0.003956,0.005259,0.085480,0.003301,0.004466,0.037261
img_02372.jpg,0.001684,0.000105,0.000453,0.000690,0.994982,0.001434,0.000495,0.000157
img_02379.jpg,0.138171,0.001040,0.000986,0.000896,0.006027,0.000557,0.001133,0.851191
img_02384.jpg,0.247144,0.021660,0.013207,0.007827,0.024138,0.164721,0.134742,0.386561
img_02398.jpg,0.858664,0.007514,0.007923,0.014083,0.010637,0.075611,0.005743,0.019826
img_02400.jpg,0.805084,0.003664,0.023448,0.006750,0.008909,0.147554,0.001027,0.003564
img_02406.jpg,0.142704,0.006530,0.009452,0.330523,0.005502,0.480896,0.015191,0.009202
img_02412.jpg,0.359924,0.003472,0.001926,0.001018,0.001351,0.003227,0.000366,0.628717
img_02416.jpg,0.142595,0.180648,0.046494,0.023190,0.333744,0.009821,0.023780,0.239727
img_02422.jpg,0.561885,0.136777,0.001947,0.011521,0.004524,0.036835,0.006933,0.239578
img_02479.jpg,0.000112,0.000494,0.003154,0.003289,0.986969,0.000267,0.003138,0.002578
img_02486.jpg,0.431988,0.103774,0.244614,0.019156,0.001168,0.053081,0.009317,0.136902
img_02487.jpg,0.878039,0.000676,0.001848,0.000609,0.081905,0.000214,0.003528,0.033181
img_02507.jpg,0.660953,0.015592,0.078659,0.013023,0.101162,0.080813,0.016723,0.033075
img_02522.jpg,0.739154,0.063291,0.012975,0.045182,0.017521,0.042083,0.005810,0.073984
img_02540.jpg,0.555079,0.024225,0.015886,0.022819,0.027006,0.326774,0.010150,0.018060
img_02546.jpg,0.102205,0.023999,0.013730,0.027361,0.115045,0.020863,0.016804,0.679991
img_02556.jpg,0.193807,0.022688,0.001133,0.001811,0.001523,0.001358,0.000373,0.777306
img_02560.jpg,0.019184,0.000563,0.000106,0.000243,0.979422,0.000171,0.000258,0.000051
img_02563.jpg,0.002202,0.000211,0.001915,0.001208,0.991245,0.001623,0.000993,0.000603
img_02565.jpg,0.257064,0.011481,0.013704,0.016371,0.015155,0.190120,0.021645,0.474461
img_02573.jpg,0.121368,0.213562,0.030713,0.011386,0.320912,0.006180,0.012570,0.283308
img_02574.jpg,0.528271,0.036480,0.009130,0.011263,0.152384,0.030519,0.006630,0.225323
img_02602.jpg,0.702078,0.150982,0.009035,0.011772,0.034132,0.008801,0.004836,0.078364
img_02607.jpg,0.058878,0.017715,0.024401,0.011916,0.817815,0.025054,0.011515,0.032706
img_02622.jpg,0.566806,0.004800,0.002982,0.001983,0.006339,0.367452,0.007541,0.042098
img_02625.jpg,0.109803,0.002430,0.001589,0.000702,0.001593,0.873505,0.006958,0.003419
img_02636.jpg,0.588282,0.025959,0.002573,0.003096,0.149947,0.000493,0.001906,0.227744
img_02638.jpg,0.936063,0.014300,0.005027,0.006329,0.009478,0.001645,0.001376,0.025783
img_02641.jpg,0.968437,0.000851,0.001506,0.001305,0.010358,0.004860,0.000695,0.011989
img_02646.jpg,0.001419,0.001984,0.000156,0.000642,0.000144,0.005074,0.001935,0.988646
img_02648.jpg,0.014805,0.008890,0.129498,0.026918,0.000818,0.137698,0.003632,0.677741
img_02651.jpg,0.877683,0.007704,0.011380,0.000820,0.095176,0.000607,0.000204,0.006426
img_02656.jpg,0.058792,0.763726,0.006105,0.032172,0.000906,0.008697,0.001752,0.127850
img_02666.jpg,0.973254,0.000192,0.000589,0.000531,0.019169,0.000824,0.000486,0.004955
img_02679.jpg,0.459510,0.237422,0.028369,0.007641,0.192517,0.001966,0.014759,0.057816
img_02687.jpg,0.082501,0.000810,0.000313,0.001539,0.002820,0.002631,0.000562,0.908825
img_02699.jpg,0.568943,0.006705,0.006625,0.003918,0.158476,0.003912,0.045393,0.206028
img_02702.jpg,0.869293,0.001494,0.000878,0.011145,0.111474,0.001398,0.002050,0.002269
img_02703.jpg,0.086633,0.002154,0.048936,0.021538,0.079737,0.019648,0.025302,0.716051
img_02709.jpg,0.736373,0.036799,0.016954,0.066551,0.016373,0.104864,0.003729,0.018357
img_02726.jpg,0.460439,0.001665,0.020020,0.043151,0.442773,0.023296,0.006230,0.002425
img_02733.jpg,0.815809,0.006866,0.009072,0.063649,0.035291,0.061490,0.004080,0.003743
img_02734.jpg,0.675543,0.123613,0.019144,0.013061,0.003408,0.091658,0.013912,0.059663
img_02739.jpg,0.998652,0.000427,0.000030,0.000028,0.000430,0.000045,0.000024,0.000364
img_02749.jpg,0.442070,0.024457,0.014026,0.303927,0.027530,0.157587,0.004502,0.025901
img_02759.jpg,0.003643,0.004579,0.035781,0.002886,0.000354,0.001924,0.006520,0.944314
img_02764.jpg,0.943777,0.002681,0.000797,0.002288,0.044699,0.003786,0.000761,0.001212
img_02766.jpg,0.974114,0.004139,0.004205,0.001528,0.004448,0.007646,0.003148,0.000772
img_02769.jpg,0.000814,0.002413,0.022795,0.001533,0.000147,0.001119,0.004551,0.966629
img_02771.jpg,0.915595,0.028240,0.001226,0.007920,0.000029,0.045192,0.000440,0.001359
img_02789.jpg,0.230723,0.000432,0.002562,0.005608,0.689344,0.001728,0.069090,0.000513
img_02799.jpg,0.968801,0.003966,0.000470,0.000433,0.018148,0.001426,0.000746,0.006010
img_02808.jpg,0.922128,0.011439,0.004512,0.018477,0.002768,0.038716,0.000568,0.001392
img_02811.jpg,0.664670,0.006754,0.006119,0.017014,0.016859,0.272150,0.006843,0.009593
img_02830.jpg,0.108254,0.052921,0.006806,0.016119,0.003405,0.190049,0.389057,0.233389
img_02834.jpg,0.398211,0.025949,0.001148,0.002554,0.000226,0.005746,0.003327,0.562839
img_02837.jpg,0.322363,0.493292,0.004479,0.011441,0.003993,0.060115,0.004223,0.100094
img_02838.jpg,0.725513,0.091588,0.015323,0.020785,0.104497,0.011309,0.001606,0.029380
img_02842.jpg,0.187055,0.000708,0.001921,0.000420,0.001278,0.797434,0.008390,0.002794
img_02857.jpg,0.455640,0.028057,0.001218,0.001388,0.500502,0.000516,0.001292,0.011387
img_02865.jpg,0.033543,0.068603,0.003134,0.020755,0.625827,0.012810,0.003960,0.231369
img_02871.jpg,0.254670,0.056999,0.003609,0.009947,0.002784,0.121107,0.361284,0.189601
img_02876.jpg,0.093145,0.008438,0.373021,0.000486,0.006665,0.000944,0.002079,0.515221
img_02889.jpg,0.751749,0.047019,0.017317,0.058323,0.033007,0.080643,0.003807,0.008136
img_02890.jpg,0.522984,0.010455,0.003815,0.028734,0.003410,0.427124,0.002366,0.001112
img_02899.jpg,0.898434,0.007198,0.004797,0.033476,0.019699,0.026819,0.002083,0.007493
img_02904.jpg,0.925162,0.005111,0.036442,0.007973,0.009682,0.003512,0.005400,0.006719
img_02911.jpg,0.151300,0.010097,0.016811,0.734062,0.011602,0.052660,0.008617,0.014851
img_02916.jpg,0.652900,0.004937,0.175010,0.020167,0.008439,0.122029,0.013477,0.003040
img_02920.jpg,0.639056,0.043427,0.005605,0.002853,0.001331,0.288771,0.006723,0.012234
img_02943.jpg,0.910677,0.031416,0.004736,0.017268,0.002474,0.027808,0.002123,0.003498
img_02949.jpg,0.656487,0.006621,0.195325,0.072760,0.041373,0.017878,0.007207,0.002348
img_02954.jpg,0.041752,0.155468,0.316247,0.002268,0.339054,0.010037,0.004011,0.131162
img_02956.jpg,0.809537,0.019087,0.004880,0.000888,0.006067,0.003119,0.004232,0.152191
img_02964.jpg,0.000206,0.010218,0.059611,0.031293,0.000886,0.003015,0.001454,0.893316
img_02974.jpg,0.749332,0.030835,0.025814,0.002976,0.123555,0.000908,0.001731,0.064849
img_02977.jpg,0.498096,0.075592,0.004157,0.004279,0.391926,0.000750,0.010496,0.014703
img_02993.jpg,0.002439,0.003993,0.007628,0.002255,0.000180,0.010577,0.008453,0.964476
img_03014.jpg,0.002807,0.001540,0.000234,0.000446,0.990637,0.000152,0.000356,0.003829
img_03043.jpg,0.001622,0.007913,0.012352,0.003188,0.001138,0.065283,0.035358,0.873147
img_03055.jpg,0.975066,0.011207,0.000346,0.007823,0.000378,0.002723,0.000324,0.002133
img_03064.jpg,0.648329,0.011305,0.014839,0.002436,0.043962,0.137801,0.025134,0.116195
img_03069.jpg,0.221793,0.049831,0.002334,0.101699,0.000904,0.170133,0.003878,0.449428
img_03074.jpg,0.941490,0.035564,0.000673,0.006527,0.000677,0.001205,0.003304,0.010560
img_03078.jpg,0.669452,0.224180,0.038997,0.033006,0.000674,0.022343,0.001585,0.009765
img_03080.jpg,0.978384,0.000497,0.000392,0.000309,0.012895,0.000233,0.001191,0.006099
img_03082.jpg,0.938589,0.031954,0.000764,0.016986,0.006353,0.000119,0.000636,0.004601
img_03087.jpg,0.066811,0.000422,0.003395,0.000987,0.920155,0.005789,0.001083,0.001358
img_03116.jpg,0.007692,0.050351,0.006660,0.002102,0.654058,0.000876,0.002821,0.275441
img_03128.jpg,0.992876,0.000597,0.000079,0.000050,0.000553,0.001599,0.000237,0.004009
img_03135.jpg,0.315180,0.027389,0.001665,0.001939,0.002715,0.001795,0.000699,0.648618
img_03140.jpg,0.770247,0.137694,0.011005,0.005364,0.017023,0.012089,0.007189,0.039389
img_03166.jpg,0.806092,0.011737,0.002159,0.004064,0.088181,0.020826,0.007454,0.059488
img_03169.jpg,0.000420,0.007379,0.564076,0.001245,0.001629,0.000679,0.000395,0.424176
img_03181.jpg,0.718570,0.064033,0.002404,0.002635,0.014677,0.189521,0.003855,0.004305
img_03195.jpg,0.565676,0.007287,0.000390,0.002558,0.001242,0.368830,0.000868,0.053150
img_03199.jpg,0.751230,0.052253,0.008127,0.002190,0.002172,0.001617,0.010863,0.171548
img_03210.jpg,0.002141,0.053871,0.217973,0.004379,0.009200,0.026579,0.004284,0.681572
img_03220.jpg,0.894922,0.000984,0.000842,0.001720,0.093143,0.005858,0.001863,0.000668
img_03222.jpg,0.815040,0.059828,0.006824,0.005736,0.005152,0.086032,0.008410,0.012977
img_03223.jpg,0.407056,0.442861,0.002815,0.003452,0.001126,0.018266,0.003007,0.121415
img_03228.jpg,0.810531,0.011627,0.003676,0.033245,0.001702,0.002721,0.002721,0.133776
img_03229.jpg,0.040034,0.020043,0.004775,0.017447,0.012284,0.635645,0.239502,0.030269
img_03231.jpg,0.581695,0.031554,0.080015,0.029984,0.066533,0.156400,0.010035,0.043782
img_03238.jpg,0.681213,0.032805,0.000794,0.002678,0.005039,0.077210,0.003378,0.196883
img_03239.jpg,0.001378,0.063698,0.002094,0.001080,0.001795,0.000703,0.906745,0.022506
img_03252.jpg,0.979880,0.006838,0.005581,0.001697,0.002425,0.001510,0.001375,0.000695
img_03254.jpg,0.248005,0.000485,0.001487,0.000288,0.000933,0.743096,0.005207,0.000498
img_03260.jpg,0.833991,0.027367,0.022412,0.010754,0.036629,0.057644,0.005040,0.006162
img_03261.jpg,0.652482,0.090411,0.076998,0.012443,0.047714,0.077491,0.005891,0.036571
img_03270.jpg,0.026400,0.002911,0.022967,0.008623,0.249773,0.003430,0.030670,0.655227
img_03283.jpg,0.037008,0.359270,0.013907,0.049462,0.000086,0.011132,0.011118,0.518017
img_03290.jpg,0.397957,0.013654,0.011159,0.002614,0.007264,0.088434,0.011191,0.467727
img_03297.jpg,0.918227,0.003340,0.023455,0.012273,0.011031,0.022648,0.008292,0.000733
img_03310.jpg,0.846614,0.046128,0.004344,0.012459,0.006064,0.077998,0.005655,0.000739
img_03312.jpg,0.874238,0.016148,0.002033,0.004251,0.000552,0.009524,0.002166,0.091088
img_03324.jpg,0.187058,0.009718,0.209394,0.003245,0.001736,0.016384,0.009080,0.563385
img_03333.jpg,0.902216,0.001390,0.000985,0.000328,0.001209,0.078880,0.010852,0.004140
img_03342.jpg,0.527319,0.051646,0.007845,0.004045,0.002861,0.057303,0.000680,0.348301
img_03346.jpg,0.766736,0.008591,0.012193,0.020582,0.026496,0.117150,0.013972,0.034280
img_03355.jpg,0.092335,0.010133,0.004406,0.012818,0.001462,0.001172,0.049843,0.827830
img_03361.jpg,0.031601,0.742599,0.012583,0.004474,0.019239,0.009047,0.008751,0.171706
img_03370.jpg,0.659126,0.004808,0.000630,0.000900,0.001802,0.010290,0.001513,0.320930
img_03399.jpg,0.232831,0.019416,0.004756,0.005991,0.036892,0.682709,0.013245,0.004160
img_03410.jpg,0.586237,0.002450,0.001034,0.005327,0.381569,0.001353,0.000585,0.021444
img_03422.jpg,0.927837,0.014086,0.004185,0.017722,0.001657,0.033029,0.000659,0.000825
img_03426.jpg,0.913544,0.003007,0.001339,0.002913,0.026145,0.006649,0.004175,0.042228
img_03439.jpg,0.576862,0.015740,0.012594,0.197808,0.018839,0.129607,0.005196,0.043353
img_03440.jpg,0.000473,0.005343,0.042314,0.000576,0.000219,0.000635,0.000423,0.950017
img_03444.jpg,0.933800,0.035585,0.000481,0.001975,0.009926,0.003673,0.001970,0.012590
img_03445.jpg,0.435108,0.000653,0.005185,0.000533,0.548684,0.000034,0.001964,0.007839
img_03446.jpg,0.001536,0.150389,0.637968,0.002610,0.002896,0.007721,0.002193,0.194687
img_03452.jpg,0.008726,0.956842,0.001371,0.000139,0.000837,0.000189,0.000802,0.031093
img_03454.jpg,0.812498,0.002767,0.017893,0.004898,0.137775,0.011588,0.009885,0.002696
img_03456.jpg,0.002083,0.001363,0.000316,0.000559,0.993856,0.000289,0.000666,0.000868
img_03457.jpg,0.686005,0.008294,0.011156,0.003174,0.007116,0.278613,0.001139,0.004501
img_03471.jpg,0.027174,0.010396,0.037301,0.799661,0.006109,0.082637,0.010829,0.025892
img_03475.jpg,0.269288,0.000982,0.001866,0.001325,0.721360,0.000163,0.000871,0.004144
img_03488.jpg,0.806539,0.093029,0.003125,0.001725,0.000359,0.071206,0.004592,0.019426
img_03490.jpg,0.108270,0.236621,0.030924,0.015406,0.292419,0.005805,0.012585,0.297971
img_03502.jpg,0.694682,0.012593,0.008812,0.023043,0.009629,0.151334,0.007510,0.092396
img_03504.jpg,0.488833,0.044624,0.006390,0.002121,0.009888,0.441074,0.002945,0.004124
img_03520.jpg,0.500813,0.018170,0.022265,0.010119,0.246191,0.056647,0.016241,0.129555
img_03527.jpg,0.000012,0.007199,0.118478,0.001023,0.000394,0.000268,0.000403,0.872224
img_03547.jpg,0.979122,0.003611,0.000668,0.002185,0.000391,0.010678,0.002512,0.000833
img_03548.jpg,0.214673,0.017502,0.015742,0.014037,0.002756,0.076575,0.056398,0.602316
img_03554.jpg,0.980035,0.002696,0.000324,0.000265,0.012535,0.001410,0.000355,0.002380
img_03563.jpg,0.927576,0.038092,0.000555,0.015117,0.004295,0.000743,0.000502,0.013119
img_03581.jpg,0.552395,0.023118,0.013389,0.239449,0.022726,0.098037,0.004720,0.046167
img_03584.jpg,0.000421,0.015628,0.042730,0.006801,0.081752,0.000145,0.003881,0.848643
img_03587.jpg,0.027567,0.006495,0.000188,0.001627,0.000085,0.003997,0.000164,0.959878
img_03588.jpg,0.212736,0.001449,0.000680,0.000608,0.004512,0.773461,0.005031,0.001523
img_03602.jpg,0.291095,0.000529,0.001460,0.000437,0.001666,0.696690,0.006092,0.002030
img_03627.jpg,0.959363,0.007112,0.013928,0.002634,0.009420,0.002841,0.004181,0.000522
img_03628.jpg,0.965617,0.001750,0.000705,0.000585,0.006226,0.000485,0.000730,0.023902
img_03652.jpg,0.939844,0.001021,0.000279,0.000993,0.050583,0.001769,0.000329,0.005181
img_03670.jpg,0.871047,0.002097,0.019484,0.003920,0.082239,0.008430,0.011801,0.000982
img_03674.jpg,0.003470,0.001139,0.000713,0.001046,0.990566,0.000350,0.001701,0.001014
img_03677.jpg,0.726170,0.213562,0.012451,0.006652,0.001404,0.002189,0.003858,0.033714
img_03711.jpg,0.922670,0.008648,0.002674,0.003225,0.005591,0.003000,0.001003,0.053189
img_03715.jpg,0.180570,0.018679,0.008179,0.598500,0.090511,0.059819,0.011097,0.032645
img_03718.jpg,0.833088,0.010728,0.003880,0.011526,0.017496,0.115997,0.002817,0.004468
img_03726.jpg,0.001022,0.121425,0.001084,0.020755,0.011312,0.001769,0.001868,0.840764
img_03739.jpg,0.000445,0.005912,0.010315,0.000412,0.000118,0.001082,0.001015,0.980701
img_03749.jpg,0.087126,0.028528,0.010613,0.017695,0.005697,0.380633,0.164741,0.304966
img_03750.jpg,0.233511,0.031135,0.022160,0.004325,0.026823,0.279677,0.029875,0.372495
img_03760.jpg,0.503496,0.052000,0.005400,0.004763,0.001269,0.271406,0.023061,0.138605
img_03764.jpg,0.974001,0.002696,0.006445,0.003737,0.000392,0.004924,0.003135,0.004670
