image,ALB,BET,DOL,LAG,NoF,OTHER,SHARK,YFT
img_00005.jpg,0.010619,0.000055,0.000770,0.002752,0.981531,0.000193,0.003801,0.000278
img_00007.jpg,0.035815,0.094424,0.026128,0.032509,0.000320,0.025629,0.014688,0.770487
img_00009.jpg,0.916368,0.052575,0.000684,0.000809,0.000470,0.025113,0.000517,0.003464
img_00018.jpg,0.900233,0.007881,0.002021,0.004401,0.001457,0.081754,0.000606,0.001647
img_00027.jpg,0.307191,0.053495,0.016013,0.003706,0.019503,0.078210,0.004082,0.517800
img_00030.jpg,0.447473,0.017392,0.012920,0.017114,0.335019,0.012383,0.077141,0.080558
img_00040.jpg,0.278968,0.041385,0.003876,0.009759,0.019284,0.175069,0.377871,0.093789
img_00046.jpg,0.866430,0.002208,0.003332,0.000955,0.121924,0.000771,0.002422,0.001959
img_00053.jpg,0.968252,0.001439,0.012524,0.002190,0.004334,0.006845,0.001955,0.002462
img_00071.jpg,0.031423,0.003796,0.002610,0.776659,0.028344,0.130836,0.010608,0.015725
img_00075.jpg,0.480264,0.051528,0.005971,0.003912,0.009960,0.444442,0.003090,0.000834
img_00102.jpg,0.214533,0.124129,0.004190,0.007459,0.002047,0.021207,0.010090,0.616345
img_00103.jpg,0.958281,0.003371,0.001492,0.005454,0.000842,0.018949,0.000675,0.010937
img_00109.jpg,0.933079,0.000189,0.002004,0.000599,0.059862,0.000151,0.003586,0.000531
img_00119.jpg,0.014119,0.073241,0.003711,0.017024,0.599947,0.011041,0.006384,0.274534
img_00120.jpg,0.243040,0.018142,0.002684,0.002001,0.000641,0.001783,0.036676,0.695033
img_00125.jpg,0.441114,0.107840,0.044443,0.019554,0.000454,0.255284,0.023204,0.108108
img_00128.jpg,0.003122,0.169505,0.667312,0.001037,0.001672,0.011423,0.002212,0.143717
img_00129.jpg,0.244633,0.071850,0.003833,0.018617,0.013889,0.158722,0.236020,0.252435
img_00133.jpg,0.032922,0.002854,0.002654,0.006436,0.919585,0.030912,0.002847,0.001791
img_00138.jpg,0.756103,0.036017,0.047882,0.015155,0.058185,0.047132,0.006407,0.033119
img_00141.jpg,0.000001,0.000163,0.002411,0.000054,0.000006,0.000006,0.000018,0.997341
img_00152.jpg,0.000946,0.001025,0.000787,0.001846,0.000383,0.025272,0.001345,0.968397
img_00161.jpg,0.000386,0.000947,0.001181,0.000323,0.000039,0.015451,0.001150,0.980523
img_00164.jpg,0.020749,0.006646,0.024420,0.003829,0.865041,0.013788,0.027399,0.038129
img_00170.jpg,0.628553,0.004449,0.005412,0.171036,0.005937,0.149428,0.001698,0.033487
img_00171.jpg,0.724390,0.001625,0.001970,0.024479,0.001796,0.243797,0.000849,0.001093
img_00172.jpg,0.008315,0.000065,0.000381,0.000944,0.989654,0.000082,0.000424,0.000133
img_00175.jpg,0.703298,0.003348,0.001712,0.032434,0.001860,0.255185,0.001273,0.000889
img_00180.jpg,0.105217,0.000460,0.006746,0.006245,0.062148,0.005321,0.026074,0.787788
img_00196.jpg,0.041596,0.092388,0.005514,0.027574,0.702681,0.028611,0.005436,0.096200
img_00212.jpg,0.034312,0.003221,0.001310,0.005321,0.001227,0.008283,0.001333,0.944994
img_00223.jpg,0.635656,0.006910,0.166143,0.007417,0.002210,0.172536,0.002101,0.007026
img_00230.jpg,0.945929,0.042335,0.001934,0.001373,0.000148,0.006827,0.000404,0.001049
img_00232.jpg,0.000331,0.026316,0.002034,0.000876,0.001581,0.001365,0.959350,0.008147
img_00244.jpg,0.357778,0.147405,0.013298,0.020714,0.007312,0.062656,0.013723,0.377113
img_00272.jpg,0.567892,0.098646,0.140505,0.047468,0.001090,0.110370,0.003564,0.030465
img_00280.jpg,0.576739,0.003869,0.004491,0.006204,0.386834,0.006622,0.006956,0.008285
img_00282.jpg,0.707270,0.002106,0.002592,0.040534,0.002414,0.241431,0.001783,0.001871
img_00285.jpg,0.944308,0.008246,0.001058,0.001369,0.001183,0.003082,0.013778,0.026977
img_00289.jpg,0.930212,0.003215,0.000517,0.001547,0.056820,0.006650,0.000505,0.000535
img_00292.jpg,0.530587,0.057655,0.002137,0.002958,0.015321,0.048920,0.010511,0.331910
img_00302.jpg,0.248883,0.040123,0.003188,0.008577,0.013722,0.100027,0.475554,0.109926
img_00311.jpg,0.997654,0.000700,0.000040,0.000051,0.000701,0.000036,0.000027,0.000792
img_00320.jpg,0.976649,0.009207,0.004248,0.000898,0.001886,0.003272,0.003579,0.000260
img_00331.jpg,0.526913,0.002377,0.002020,0.001616,0.025940,0.273386,0.009081,0.158666
img_00358.jpg,0.545254,0.066468,0.000995,0.010776,0.001441,0.129354,0.010187,0.235526
img_00374.jpg,0.450810,0.103920,0.011681,0.008228,0.001243,0.066760,0.002947,0.354411
img_00375.jpg,0.184790,0.027950,0.144508,0.094373,0.077209,0.451022,0.007978,0.012169
img_00376.jpg,0.704739,0.005507,0.021789,0.002891,0.164933,0.015126,0.026403,0.058612
img_00380.jpg,0.915141,0.002442,0.013816,0.005059,0.022737,0.037998,0.001791,0.001016
img_00383.jpg,0.989961,0.001273,0.000264,0.000220,0.005144,0.001173,0.000319,0.001647
img_00398.jpg,0.675754,0.003938,0.002111,0.003784,0.087633,0.008396,0.096818,0.121566
img_00407.jpg,0.912468,0.007067,0.003004,0.021415,0.000837,0.053935,0.000420,0.000854
img_00417.jpg,0.041438,0.001646,0.001891,0.009245,0.002035,0.013923,0.001658,0.928163
img_00432.jpg,0.610438,0.007165,0.016238,0.015981,0.031924,0.299243,0.003909,0.015102
img_00442.jpg,0.000041,0.000325,0.001958,0.000153,0.000015,0.000184,0.000320,0.997004
img_00446.jpg,0.647877,0.009616,0.002812,0.010668,0.160916,0.131930,0.003239,0.032942
img_00469.jpg,0.809633,0.016788,0.009170,0.022719,0.010906,0.053188,0.026107,0.051490
img_00473.jpg,0.885268,0.004502,0.001885,0.000982,0.039823,0.000891,0.000953,0.065697
img_00483.jpg,0.980135,0.000145,0.000104,0.000065,0.005941,0.000015,0.000441,0.013153
img_00484.jpg,0.448946,0.062578,0.017525,0.020750,0.010259,0.004167,0.020128,0.415647
img_00486.jpg,0.857300,0.025809,0.054361,0.028235,0.005302,0.022028,0.002504,0.004460
img_00487.jpg,0.000859,0.000241,0.000644,0.000921,0.994198,0.000465,0.001994,0.000678
img_00493.jpg,0.341094,0.008004,0.013283,0.064493,0.402883,0.104758,0.007047,0.058437
img_00518.jpg,0.908117,0.001721,0.008834,0.002093,0.055726,0.004916,0.011573,0.007021
img_00533.jpg,0.032110,0.097749,0.001863,0.007891,0.000363,0.004306,0.004098,0.851620
img_00538.jpg,0.824824,0.002201,0.004582,0.004700,0.010120,0.002658,0.001067,0.149848
img_00543.jpg,0.998341,0.000429,0.000027,0.000037,0.000559,0.000029,0.000017,0.000561
img_00550.jpg,0.606416,0.035229,0.024732,0.009417,0.023542,0.250608,0.009811,0.040244
img_00551.jpg,0.897039,0.001715,0.000813,0.004545,0.004935,0.088074,0.000530,0.002347
img_00564.jpg,0.042850,0.001060,0.000801,0.005720,0.899281,0.024953,0.002843,0.022493
img_00575.jpg,0.698075,0.008051,0.002970,0.003410,0.012518,0.030911,0.043500,0.200565
img_00582.jpg,0.603390,0.272767,0.009366,0.006211,0.006887,0.066467,0.021264,0.013647
img_00584.jpg,0.982498,0.001678,0.001107,0.000462,0.005061,0.001644,0.000113,0.007437
img_00587.jpg,0.086630,0.058897,0.004079,0.003729,0.001912,0.008596,0.000539,0.835619
img_00590.jpg,0.358718,0.033445,0.001012,0.001612,0.000978,0.001759,0.000628,0.601848
img_00591.jpg,0.411132,0.016159,0.004880,0.001230,0.002282,0.020959,0.004115,0.539244
img_00598.jpg,0.949428,0.014118,0.001424,0.012059,0.002450,0.002867,0.000643,0.017012
img_00599.jpg,0.858959,0.015490,0.002407,0.001995,0.002033,0.006419,0.034128,0.078568
img_00612.jpg,0.798306,0.002539,0.001248,0.000383,0.004166,0.164757,0.026825,0.001776
img_00618.jpg,0.937153,0.001803,0.000849,0.002440,0.047641,0.008654,0.000688,0.000772
img_00620.jpg,0.949126,0.000879,0.008897,0.004174,0.003549,0.030780,0.002039,0.000556
img_00642.jpg,0.077745,0.002166,0.008217,0.821304,0.013968,0.071864,0.003122,0.001613
img_00646.jpg,0.001000,0.002683,0.013434,0.010855,0.000208,0.005024,0.002219,0.964577
img_00648.jpg,0.998317,0.000423,0.000032,0.000039,0.000626,0.000034,0.000020,0.000508
img_00650.jpg,0.602757,0.002692,0.004404,0.001289,0.022303,0.317831,0.045337,0.003387
img_00654.jpg,0.474541,0.015514,0.045089,0.017865,0.263490,0.108849,0.006429,0.068223
img_00664.jpg,0.982053,0.003120,0.000948,0.000525,0.004482,0.000714,0.000366,0.007792
img_00667.jpg,0.031140,0.072062,0.002808,0.014502,0.681217,0.010811,0.004157,0.183303
img_00676.jpg,0.011076,0.045261,0.003369,0.015738,0.720593,0.006654,0.003997,0.193312
img_00697.jpg,0.000006,0.000367,0.035447,0.000108,0.000036,0.000012,0.000066,0.963958
img_00708.jpg,0.536381,0.007723,0.001608,0.004401,0.002030,0.152020,0.028741,0.267096
img_00716.jpg,0.109483,0.030289,0.005456,0.005152,0.011879,0.058681,0.362136,0.416923
img_00717.jpg,0.540336,0.232609,0.003376,0.039720,0.001257,0.173511,0.006796,0.002396
img_00718.jpg,0.926003,0.001162,0.000615,0.002904,0.000858,0.061514,0.000685,0.006259
img_00723.jpg,0.102658,0.041008,0.013396,0.011222,0.748013,0.002763,0.032325,0.048615
img_00724.jpg,0.140462,0.007036,0.077312,0.153431,0.018884,0.051033,0.320063,0.231778
img_00726.jpg,0.976035,0.002087,0.002548,0.000691,0.007870,0.004054,0.006307,0.000407
img_00729.jpg,0.916071,0.001340,0.002536,0.001508,0.064353,0.004027,0.009721,0.000446
img_00730.jpg,0.072310,0.008676,0.000761,0.000464,0.000101,0.000171,0.000683,0.916834
img_00757.jpg,0.840013,0.009162,0.006676,0.035806,0.006013,0.092419,0.001020,0.008891
img_00760.jpg,0.161429,0.013099,0.004385,0.740525,0.003227,0.072244,0.001285,0.003805
img_00763.jpg,0.009728,0.017731,0.005820,0.001376,0.768276,0.000458,0.001742,0.194867
img_00764.jpg,0.031660,0.110861,0.096480,0.021859,0.173938,0.001372,0.008274,0.555557
img_00765.jpg,0.013342,0.105852,0.000888,0.037640,0.000630,0.785953,0.001224,0.054471
img_00772.jpg,0.011241,0.014218,0.419528,0.002135,0.001674,0.005088,0.000973,0.545143
img_00773.jpg,0.665803,0.006066,0.246940,0.037018,0.009453,0.024425,0.002608,0.007686
img_00777.jpg,0.475325,0.015646,0.002026,0.002464,0.009106,0.486083,0.007829,0.001521
img_00780.jpg,0.005489,0.009268,0.017092,0.012380,0.000479,0.061021,0.006226,0.888044
img_00798.jpg,0.805509,0.172757,0.002894,0.001001,0.002910,0.005238,0.004360,0.005331
img_00808.jpg,0.933355,0.015829,0.001383,0.002791,0.000649,0.004154,0.000697,0.041144
img_00816.jpg,0.975419,0.000334,0.001111,0.000682,0.016934,0.001434,0.000442,0.003643
img_00828.jpg,0.000129,0.001002,0.000100,0.000311,0.997120,0.000103,0.000397,0.000838
img_00833.jpg,0.317854,0.005943,0.001735,0.004172,0.002211,0.185121,0.018952,0.464012
img_00837.jpg,0.984267,0.001541,0.000700,0.005824,0.002244,0.004331,0.000530,0.000563
img_00855.jpg,0.705971,0.013627,0.001267,0.033779,0.001407,0.003836,0.007532,0.232580
img_00857.jpg,0.944274,0.031523,0.004513,0.000975,0.003145,0.006943,0.007704,0.000923
img_00858.jpg,0.935623,0.020148,0.000536,0.001021,0.019518,0.003493,0.000316,0.019346
img_00865.jpg,0.967628,0.018049,0.001259,0.001792,0.000456,0.008994,0.001362,0.000461
img_00876.jpg,0.016858,0.034479,0.002238,0.013618,0.791831,0.004579,0.003749,0.132647
img_00889.jpg,0.016221,0.027521,0.193080,0.045357,0.000917,0.175618,0.010667,0.530619
img_00894.jpg,0.853581,0.011833,0.016814,0.006679,0.057534,0.006540,0.013893,0.033127
img_00902.jpg,0.000571,0.040025,0.001905,0.000937,0.001933,0.001885,0.946527,0.006217
img_00914.jpg,0.002639,0.074751,0.084702,0.003345,0.031355,0.002293,0.007839,0.793076
img_00921.jpg,0.643062,0.003983,0.004327,0.004244,0.109546,0.095996,0.027094,0.111749
img_00927.jpg,0.329728,0.041387,0.000713,0.001489,0.001409,0.001453,0.000986,0.622835
img_00943.jpg,0.966349,0.000396,0.000265,0.000197,0.023443,0.000100,0.002539,0.006711
img_00948.jpg,0.646563,0.028381,0.024701,0.017833,0.161573,0.009670,0.017316,0.093963
img_00950.jpg,0.026404,0.004252,0.049951,0.007530,0.847766,0.031757,0.009402,0.022938
img_00959.jpg,0.960521,0.001347,0.000367,0.001186,0.034147,0.001182,0.000440,0.000810
img_00962.jpg,0.000297,0.061669,0.046428,0.003847,0.000805,0.003778,0.000438,0.882738
img_00964.jpg,0.004232,0.026809,0.871406,0.001138,0.000867,0.030573,0.002044,0.062930
img_00966.jpg,0.939560,0.006409,0.001211,0.001227,0.015082,0.000259,0.001834,0.034419
img_00974.jpg,0.125402,0.654753,0.006078,0.085521,0.000612,0.013168,0.002086,0.112381
img_00979.jpg,0.138028,0.020866,0.245886,0.005876,0.001289,0.065879,0.013397,0.508780
img_00982.jpg,0.363243,0.247976,0.014403,0.008722,0.119189,0.005055,0.012251,0.229160
img_00985.jpg,0.465135,0.058344,0.002112,0.003644,0.014214,0.042272,0.017253,0.397026
img_00999.jpg,0.966426,0.003912,0.000327,0.000098,0.000824,0.000738,0.000249,0.027425
img_01022.jpg,0.658368,0.004239,0.012624,0.093072,0.071173,0.152253,0.003972,0.004298
img_01031.jpg,0.676096,0.003324,0.116489,0.021407,0.008228,0.162833,0.008510,0.003114
img_01035.jpg,0.697191,0.008901,0.001818,0.003680,0.007154,0.273441,0.006218,0.001598
img_01043.jpg,0.008085,0.000751,0.000408,0.000816,0.986064,0.001009,0.001868,0.000998
img_01058.jpg,0.877299,0.009587,0.004244,0.000660,0.004098,0.000705,0.001812,0.101595
img_01059.jpg,0.673018,0.134343,0.001676,0.002986,0.000795,0.105797,0.025330,0.056055
img_01090.jpg,0.162064,0.025445,0.009548,0.005862,0.773645,0.001053,0.006580,0.015803
img_01102.jpg,0.270842,0.389168,0.096360,0.039003,0.007047,0.005748,0.015537,0.176296
img_01103.jpg,0.626502,0.074171,0.006561,0.004721,0.002362,0.000579,0.004950,0.280155
img_01116.jpg,0.891870,0.091906,0.003589,0.004333,0.000210,0.002650,0.001396,0.004046
img_01134.jpg,0.732437,0.001910,0.001205,0.004361,0.003476,0.249387,0.000754,0.006470
img_01142.jpg,0.974191,0.000433,0.000678,0.000998,0.006520,0.006405,0.000341,0.010435
img_01168.jpg,0.012620,0.056809,0.002378,0.042093,0.000893,0.781775,0.002992,0.100440
img_01171.jpg,0.008167,0.020100,0.009175,0.001192,0.658947,0.000374,0.002698,0.299348
img_01177.jpg,0.913909,0.000885,0.002640,0.008370,0.027152,0.012868,0.000913,0.033263
img_01179.jpg,0.750875,0.002950,0.007232,0.037070,0.079996,0.118835,0.001582,0.001460
img_01188.jpg,0.030058,0.074779,0.000743,0.022650,0.000703,0.815023,0.001341,0.054703
img_01198.jpg,0.540917,0.026685,0.010756,0.004057,0.384032,0.005098,0.002094,0.026359
img_01204.jpg,0.024520,0.066156,0.002247,0.011231,0.664778,0.007004,0.004219,0.219846
img_01208.jpg,0.041867,0.003311,0.026029,0.002851,0.903232,0.005722,0.002829,0.014159
img_01211.jpg,0.889608,0.036549,0.009563,0.003331,0.009770,0.004776,0.007047,0.039356
img_01213.jpg,0.728202,0.054618,0.010362,0.032251,0.026112,0.013758,0.007593,0.127104
img_01222.jpg,0.459208,0.216384,0.006765,0.029446,0.000524,0.246026,0.009026,0.032620
img_01224.jpg,0.426490,0.017254,0.182513,0.004260,0.001440,0.033869,0.012193,0.321981
img_01237.jpg,0.240797,0.001575,0.003658,0.008381,0.691425,0.008939,0.033735,0.011491
img_01249.jpg,0.102487,0.005924,0.006502,0.024138,0.840115,0.015428,0.003915,0.001491
img_01253.jpg,0.000455,0.002090,0.001641,0.000418,0.000032,0.005715,0.001057,0.988593
img_01286.jpg,0.263698,0.073407,0.008759,0.010545,0.147664,0.062739,0.022080,0.411108
img_01289.jpg,0.757288,0.112212,0.000634,0.000696,0.001353,0.063342,0.005404,0.059071
img_01325.jpg,0.406432,0.273448,0.012678,0.004417,0.265344,0.003174,0.005992,0.028515
img_01328.jpg,0.692715,0.029025,0.010361,0.023137,0.073664,0.033053,0.010186,0.127860
img_01366.jpg,0.680082,0.003269,0.001520,0.024892,0.001530,0.286844,0.000900,0.000962
img_01371.jpg,0.974635,0.002498,0.001489,0.000468,0.009544,0.001189,0.000448,0.009730
img_01373.jpg,0.335890,0.022061,0.064843,0.014905,0.190377,0.270066,0.010877,0.090981
img_01377.jpg,0.165874,0.012993,0.024325,0.015170,0.740379,0.016907,0.000715,0.023638
img_01379.jpg,0.950329,0.006143,0.004222,0.009856,0.014206,0.013871,0.000697,0.000676
img_01384.jpg,0.450066,0.020255,0.032132,0.005737,0.010369,0.440190,0.008361,0.032889
img_01388.jpg,0.552006,0.068866,0.005945,0.002450,0.012704,0.347776,0.004286,0.005967
img_01392.jpg,0.002988,0.233896,0.607516,0.002517,0.003533,0.011549,0.001316,0.136685
img_01399.jpg,0.004804,0.707617,0.128425,0.006839,0.026033,0.009590,0.003711,0.112981
img_01404.jpg,0.791997,0.013140,0.001822,0.112043,0.004735,0.027550,0.003684,0.045030
img_01405.jpg,0.938132,0.005103,0.000753,0.003266,0.004117,0.046286,0.001523,0.000821
img_01413.jpg,0.964475,0.000835,0.001530,0.008106,0.017447,0.006277,0.000539,0.000790
img_01426.jpg,0.060540,0.809636,0.005574,0.001440,0.000626,0.027444,0.017932,0.076809
img_01431.jpg,0.063583,0.011253,0.003564,0.859099,0.003465,0.055038,0.001033,0.002966
img_01441.jpg,0.000149,0.000892,0.017336,0.010530,0.000483,0.018734,0.035258,0.916619
img_01444.jpg,0.195692,0.014922,0.004492,0.001893,0.003645,0.040074,0.003325,0.735956
img_01490.jpg,0.003630,0.032747,0.862999,0.001608,0.000227,0.003755,0.000304,0.094730
img_01495.jpg,0.780157,0.016357,0.007081,0.002529,0.001112,0.009521,0.002762,0.180481
img_01505.jpg,0.012747,0.096129,0.001710,0.009420,0.568608,0.005140,0.002490,0.303757
img_01511.jpg,0.892789,0.002290,0.012403,0.003920,0.039299,0.046469,0.002145,0.000684
img_01519.jpg,0.550232,0.037821,0.001888,0.004229,0.001876,0.375694,0.017317,0.010942
img_01530.jpg,0.695323,0.011805,0.018356,0.007576,0.206038,0.004854,0.009107,0.046942
img_01537.jpg,0.819742,0.003564,0.007934,0.002108,0.002275,0.160459,0.001151,0.002766
img_01538.jpg,0.554129,0.020936,0.002527,0.005386,0.004436,0.406115,0.004854,0.001617
img_01541.jpg,0.000661,0.035907,0.000791,0.003040,0.948979,0.001140,0.002158,0.007324
img_01543.jpg,0.952824,0.003535,0.014860,0.000648,0.020604,0.002097,0.000504,0.004927
img_01548.jpg,0.989788,0.000236,0.000612,0.000273,0.005185,0.001518,0.000215,0.002172
img_01552.jpg,0.982229,0.004592,0.002176,0.000896,0.001717,0.002254,0.003313,0.002823
img_01561.jpg,0.002245,0.000106,0.000646,0.002440,0.992634,0.000528,0.000940,0.000460
img_01562.jpg,0.146564,0.012097,0.002399,0.002424,0.000683,0.000582,0.042965,0.792285
img_01571.jpg,0.980553,0.000867,0.000492,0.000224,0.003785,0.000061,0.001290,0.012727
img_01593.jpg,0.831865,0.023270,0.000648,0.005376,0.006525,0.010063,0.011961,0.110293
img_01595.jpg,0.003247,0.001435,0.000670,0.002525,0.971181,0.002709,0.002392,0.015842
img_01616.jpg,0.975770,0.000847,0.001959,0.000956,0.002155,0.005421,0.012018,0.000873
img_01618.jpg,0.850128,0.011974,0.003116,0.003247,0.034534,0.086341,0.004072,0.006588
img_01627.jpg,0.984551,0.003426,0.000317,0.000184,0.000097,0.011037,0.000266,0.000123
img_01632.jpg,0.967087,0.000384,0.000483,0.000551,0.026003,0.002054,0.000548,0.002889
img_01633.jpg,0.583455,0.004738,0.001148,0.000481,0.001542,0.385685,0.020694,0.002258
img_01640.jpg,0.997251,0.000632,0.000049,0.000053,0.000877,0.000042,0.000031,0.001065
img_01646.jpg,0.917312,0.032676,0.000579,0.013019,0.000795,0.001167,0.003774,0.030677
img_01647.jpg,0.538400,0.001075,0.005774,0.001464,0.381278,0.000262,0.003068,0.068679
img_01649.jpg,0.646793,0.001751,0.004199,0.007697,0.276044,0.047883,0.007211,0.008422
img_01657.jpg,0.000507,0.028303,0.764540,0.011050,0.010119,0.001073,0.000488,0.183921
img_01669.jpg,0.104718,0.009307,0.003895,0.802595,0.006415,0.068997,0.001136,0.002936
img_01673.jpg,0.762042,0.026121,0.003295,0.003257,0.126388,0.017989,0.009603,0.051306
img_01681.jpg,0.019250,0.030005,0.010468,0.000233,0.000666,0.004625,0.000998,0.933754
img_01684.jpg,0.883818,0.020030,0.001444,0.047878,0.001673,0.017644,0.001546,0.025967
img_01685.jpg,0.607834,0.005018,0.012880,0.008535,0.089492,0.215652,0.009508,0.051082
img_01687.jpg,0.148666,0.016023,0.003224,0.000799,0.001083,0.000807,0.007053,0.822345
img_01688.jpg,0.670788,0.090627,0.001335,0.000813,0.002209,0.089048,0.008144,0.137035
img_01689.jpg,0.005503,0.014811,0.019111,0.004795,0.002649,0.300136,0.044161,0.608834
img_01716.jpg,0.000737,0.004342,0.000250,0.001034,0.991017,0.000587,0.000707,0.001326
img_01717.jpg,0.089986,0.055389,0.012820,0.011826,0.717205,0.002694,0.038446,0.071633
img_01724.jpg,0.700238,0.003578,0.010155,0.001838,0.004918,0.272076,0.001668,0.005529
img_01745.jpg,0.984595,0.001005,0.002248,0.000924,0.001654,0.001676,0.000172,0.007725
img_01771.jpg,0.939124,0.008168,0.003698,0.001928,0.000890,0.012571,0.000854,0.032767
img_01773.jpg,0.556602,0.011102,0.001617,0.001011,0.001013,0.000243,0.019667,0.408745
img_01781.jpg,0.272446,0.010062,0.007083,0.528145,0.104655,0.067119,0.002377,0.008114
img_01782.jpg,0.011326,0.001355,0.000599,0.001210,0.974649,0.000594,0.000967,0.009299
img_01802.jpg,0.755149,0.017556,0.003574,0.007300,0.121945,0.045926,0.007730,0.040820
img_01803.jpg,0.000754,0.050585,0.868413,0.000403,0.000295,0.004552,0.000584,0.074415
img_01824.jpg,0.394814,0.006904,0.001373,0.001006,0.001924,0.568172,0.022781,0.003026
img_01825.jpg,0.003331,0.975790,0.009135,0.000497,0.005779,0.000740,0.000968,0.003759
img_01831.jpg,0.680828,0.008459,0.004331,0.166027,0.003862,0.096104,0.001607,0.038784
img_01834.jpg,0.199029,0.026778,0.171204,0.007124,0.000656,0.032720,0.015340,0.547149
img_01847.jpg,0.148990,0.051598,0.001328,0.002561,0.000614,0.007238,0.001454,0.786217
img_01853.jpg,0.364128,0.026409,0.000501,0.005545,0.001086,0.000727,0.000331,0.601273
img_01856.jpg,0.964279,0.002118,0.000229,0.000308,0.004881,0.000245,0.000383,0.027558
img_01860.jpg,0.864010,0.004370,0.002802,0.000976,0.030375,0.042395,0.009388,0.045685
img_01862.jpg,0.716594,0.002189,0.007675,0.001512,0.005914,0.260152,0.001064,0.004899
img_01874.jpg,0.473613,0.005779,0.003098,0.003980,0.063109,0.373717,0.011606,0.065098
img_01888.jpg,0.030879,0.082022,0.000773,0.023536,0.000811,0.820704,0.000838,0.040436
img_01918.jpg,0.313085,0.009299,0.042032,0.417644,0.019809,0.171714,0.016632,0.009785
img_01930.jpg,0.920389,0.002561,0.017593,0.003853,0.017504,0.034716,0.002006,0.001378
img_01932.jpg,0.815060,0.016552,0.008542,0.022540,0.011704,0.040665,0.017916,0.067020
img_01955.jpg,0.000372,0.001712,0.002725,0.005426,0.001602,0.002464,0.000950,0.984749
img_01963.jpg,0.996751,0.000384,0.000087,0.000066,0.001135,0.000024,0.000628,0.000925
img_01966.jpg,0.917704,0.028116,0.000484,0.005510,0.000775,0.001241,0.002196,0.043974
img_01976.jpg,0.955232,0.003223,0.000557,0.000269,0.001399,0.000257,0.000146,0.038916
img_01983.jpg,0.663101,0.004707,0.020430,0.027316,0.205074,0.061243,0.006842,0.011288
img_01984.jpg,0.023917,0.289952,0.002686,0.006672,0.000035,0.002716,0.001914,0.672107
img_01995.jpg,0.001699,0.402163,0.003998,0.065804,0.005222,0.397258,0.010397,0.113459
img_01996.jpg,0.082055,0.002257,0.000605,0.001036,0.004858,0.901965,0.005561,0.001662
img_02001.jpg,0.952600,0.000980,0.000265,0.000748,0.003219,0.018089,0.000998,0.023100
img_02006.jpg,0.478830,0.017910,0.059717,0.289819,0.005008,0.120410,0.003939,0.024367
img_02066.jpg,0.639952,0.014350,0.019484,0.009287,0.024401,0.081638,0.009632,0.201255
img_02074.jpg,0.933907,0.010576,0.003470,0.033127,0.002180,0.015390,0.000327,0.001023
img_02076.jpg,0.029900,0.751821,0.072818,0.005823,0.039649,0.001456,0.011069,0.087464
img_02077.jpg,0.534461,0.001207,0.002241,0.142916,0.001628,0.310558,0.004866,0.002123
img_02078.jpg,0.015109,0.013564,0.179853,0.007089,0.755261,0.003376,0.013534,0.012214
img_02082.jpg,0.426692,0.000557,0.003250,0.008315,0.369357,0.005448,0.182428,0.003953
img_02083.jpg,0.003371,0.000218,0.000271,0.001316,0.991016,0.001357,0.000283,0.002168
img_02096.jpg,0.998993,0.000241,0.000341,0.000050,0.000112,0.000103,0.000097,0.000063
img_02119.jpg,0.670580,0.012804,0.180037,0.007946,0.001880,0.119574,0.001687,0.005492
img_02124.jpg,0.184349,0.000970,0.000789,0.000350,0.001498,0.807104,0.004557,0.000383
img_02135.jpg,0.005756,0.012744,0.000619,0.003813,0.853320,0.004504,0.116807,0.002439
img_02146.jpg,0.771899,0.003053,0.001269,0.001326,0.215653,0.002621,0.000535,0.003645
img_02159.jpg,0.169724,0.016275,0.038517,0.051624,0.618312,0.027662,0.007266,0.070621
img_02172.jpg,0.829697,0.002767,0.005773,0.001799,0.003065,0.153522,0.000930,0.002446
img_02180.jpg,0.957350,0.000766,0.000197,0.000161,0.000345,0.040450,0.000400,0.000330
img_02188.jpg,0.490531,0.021216,0.002190,0.003178,0.000446,0.007358,0.121080,0.354001
img_02194.jpg,0.978279,0.001236,0.000267,0.001409,0.015426,0.001567,0.000090,0.001725
img_02209.jpg,0.130983,0.001459,0.001329,0.000528,0.004694,0.843880,0.012729,0.004398
img_02216.jpg,0.130321,0.679253,0.016185,0.001334,0.067304,0.008313,0.003754,0.093536
img_02231.jpg,0.413896,0.011992,0.013665,0.069684,0.268840,0.106200,0.010477,0.105245
img_02235.jpg,0.000415,0.301534,0.002597,0.035333,0.005984,0.026122,0.004408,0.623607
img_02252.jpg,0.970534,0.000088,0.000280,0.000074,0.027606,0.000049,0.000994,0.000377
img_02268.jpg,0.966449,0.001610,0.002500,0.004366,0.010047,0.005404,0.001176,0.008449
img_02270.jpg,0.765751,0.014787,0.009802,0.051820,0.009818,0.087077,0.003586,0.057359
img_02281.jpg,0.206877,0.008448,0.014841,0.545177,0.144057,0.067867,0.009898,0.002834
img_02282.jpg,0.000004,0.000036,0.000340,0.015122,0.000002,0.000521,0.000299,0.983676
img_02285.jpg,0.974678,0.000377,0.000484,0.000279,0.022549,0.000697,0.000777,0.000160
img_02291.jpg,0.982272,0.008062,0.002267,0.001063,0.002059,0.002035,0.001002,0.001240
img_02299.jpg,0.444477,0.215665,0.009984,0.023734,0.000639,0.241141,0.013130,0.051230
img_02305.jpg,0.001194,0.202174,0.002789,0.059200,0.012041,0.015662,0.006591,0.700351
img_02307.jpg,0.513876,0.035796,0.001929,0.002343,0.011931,0.047680,0.006125,0.380320
img_02309.jpg,0.997833,0.000569,0.000041,0.000049,0.000500,0.000036,0.000029,0.000943
img_02318.jpg,0.082861,0.002285,0.000958,0.003386,0.008328,0.005334,0.001343,0.895504
img_02347.jpg,0.513658,0.024825,0.010059,0.002687,0.401662,0.004620,0.001947,0.040540
img_02356.jpg,0.095362,0.001089,0.010765,0.016967,0.084958,0.006031,0.064025,0.720802
img_02367.jpg,0.902358,0.004341,0.002895,0.002666,0.050878,0.005101,0.004544,0.027217
img_02372.jpg,0.001773,0.000133,0.000673,0.000901,0.992467,0.003178,0.000644,0.000231
img_02379.jpg,0.414002,0.003298,0.002242,0.001950,0.011145,0.001824,0.003069,0.562471
img_02384.jpg,0.497398,0.016418,0.005689,0.005678,0.014205,0.092056,0.112847,0.255709
img_02398.jpg,0.911406,0.004093,0.002989,0.014677,0.004658,0.039814,0.003194,0.019171
img_02400.jpg,0.829905,0.001530,0.009667,0.002737,0.003305,0.149386,0.000366,0.003104
img_02406.jpg,0.547746,0.001597,0.001986,0.223736,0.001615,0.214186,0.002832,0.006302
img_02412.jpg,0.462776,0.004968,0.001898,0.000797,0.001799,0.003052,0.000707,0.524002
img_02416.jpg,0.187364,0.261275,0.050296,0.020884,0.198561,0.019856,0.020608,0.241156
img_02422.jpg,0.805573,0.048222,0.000847,0.002965,0.002269,0.008263,0.002750,0.129111
img_02479.jpg,0.000506,0.000686,0.003601,0.002525,0.984295,0.000266,0.005187,0.002935
img_02486.jpg,0.589871,0.068499,0.118132,0.006713,0.000253,0.075163,0.004490,0.136879
img_02487.jpg,0.940929,0.000646,0.000645,0.000582,0.026145,0.000314,0.005129,0.025610
img_02507.jpg,0.705278,0.009003,0.050195,0.013401,0.042675,0.130699,0.020612,0.028137
img_02522.jpg,0.909778,0.014799,0.003787,0.009635,0.008453,0.022931,0.002440,0.028178
img_02540.jpg,0.630368,0.011571,0.009926,0.017320,0.010138,0.300561,0.005551,0.014565
img_02546.jpg,0.116635,0.022438,0.007103,0.013418,0.070750,0.023800,0.012159,0.733697
img_02556.jpg,0.234586,0.013699,0.000493,0.005694,0.000766,0.000261,0.000161,0.744341
img_02560.jpg,0.022194,0.001115,0.000430,0.000560,0.973363,0.001291,0.000891,0.000156
img_02563.jpg,0.006244,0.000461,0.002396,0.002291,0.981213,0.004308,0.001601,0.001486
img_02565.jpg,0.378865,0.010203,0.008593,0.008506,0.015379,0.051763,0.023724,0.502966
img_02573.jpg,0.241304,0.296448,0.025730,0.013061,0.142828,0.010930,0.011342,0.258357
img_02574.jpg,0.386973,0.050830,0.013062,0.017250,0.230778,0.071759,0.011246,0.218100
img_02602.jpg,0.804064,0.102485,0.006008,0.006659,0.031194,0.011860,0.003139,0.034591
img_02607.jpg,0.280994,0.015683,0.033978,0.030763,0.487284,0.096338,0.010707,0.044253
img_02622.jpg,0.878301,0.006663,0.001773,0.001293,0.010847,0.048815,0.016822,0.035487
img_02625.jpg,0.118595,0.002565,0.000823,0.000763,0.003449,0.868288,0.004318,0.001199
img_02636.jpg,0.715097,0.028651,0.002188,0.002181,0.058009,0.000623,0.001286,0.191965
img_02638.jpg,0.971651,0.005493,0.001411,0.002059,0.002453,0.001667,0.000336,0.014929
img_02641.jpg,0.981693,0.000219,0.000444,0.000794,0.003734,0.002565,0.000168,0.010383
img_02646.jpg,0.003882,0.002167,0.000132,0.000613,0.000273,0.009451,0.001264,0.982219
img_02648.jpg,0.034925,0.008450,0.102631,0.033502,0.000544,0.224759,0.003304,0.591884
img_02651.jpg,0.920110,0.014208,0.014319,0.000683,0.041270,0.000956,0.000367,0.008088
img_02656.jpg,0.185682,0.674722,0.006505,0.066679,0.002183,0.019878,0.002708,0.041643
img_02666.jpg,0.990738,0.000133,0.000404,0.000268,0.005155,0.000575,0.000231,0.002495
img_02679.jpg,0.453487,0.346089,0.048410,0.008037,0.084760,0.004231,0.019121,0.035865
img_02687.jpg,0.096801,0.001580,0.000393,0.002551,0.005512,0.004991,0.000959,0.887212
img_02699.jpg,0.770597,0.003309,0.003206,0.002699,0.060468,0.004974,0.030180,0.124566
img_02702.jpg,0.973741,0.000714,0.000704,0.008096,0.012792,0.001553,0.000955,0.001444
img_02703.jpg,0.127906,0.001584,0.037230,0.023081,0.045280,0.034937,0.066521,0.663462
img_02709.jpg,0.821631,0.010202,0.007331,0.034806,0.010647,0.105708,0.001332,0.008341
img_02726.jpg,0.598352,0.003609,0.021157,0.051702,0.231498,0.077850,0.009074,0.006759
img_02733.jpg,0.906108,0.001727,0.003618,0.028425,0.011957,0.042751,0.001630,0.003785
img_02734.jpg,0.688854,0.170476,0.013554,0.016418,0.005569,0.072418,0.011292,0.021420
img_02739.jpg,0.997989,0.000489,0.000041,0.000043,0.000884,0.000062,0.000035,0.000458
img_02749.jpg,0.632385,0.003795,0.004033,0.171411,0.006243,0.168034,0.001384,0.012715
img_02759.jpg,0.010193,0.003917,0.020363,0.003488,0.000387,0.008545,0.004312,0.948796
img_02764.jpg,0.985376,0.000954,0.000167,0.000605,0.009610,0.002235,0.000133,0.000920
img_02766.jpg,0.983387,0.004256,0.001690,0.005553,0.001076,0.002415,0.001152,0.000471
img_02769.jpg,0.004162,0.001522,0.014765,0.001312,0.000108,0.005503,0.003476,0.969152
img_02771.jpg,0.950608,0.014632,0.000595,0.006231,0.000045,0.026938,0.000236,0.000716
img_02789.jpg,0.444605,0.000659,0.004175,0.009172,0.349252,0.008326,0.182361,0.001450
img_02799.jpg,0.968736,0.003224,0.000718,0.000505,0.017138,0.002776,0.001259,0.005645
img_02808.jpg,0.950480,0.004794,0.001889,0.013977,0.001070,0.026810,0.000223,0.000757
img_02811.jpg,0.807676,0.000882,0.000899,0.005077,0.001893,0.177959,0.001189,0.004426
img_02830.jpg,0.279734,0.042725,0.005422,0.008317,0.006004,0.175057,0.295036,0.187705
img_02834.jpg,0.566110,0.032101,0.001353,0.001807,0.000250,0.004219,0.005091,0.389069
img_02837.jpg,0.562829,0.219295,0.003635,0.012470,0.003032,0.147511,0.003906,0.047323
img_02838.jpg,0.885498,0.022460,0.010586,0.011107,0.035049,0.016079,0.000727,0.018494
img_02842.jpg,0.148547,0.001115,0.003052,0.000554,0.002286,0.836321,0.006519,0.001606
img_02857.jpg,0.573844,0.086730,0.003237,0.002046,0.295921,0.001301,0.002316,0.034605
img_02865.jpg,0.031450,0.079297,0.002710,0.018450,0.671073,0.010396,0.004521,0.182104
img_02871.jpg,0.289112,0.069040,0.003046,0.008010,0.003679,0.153394,0.323595,0.150125
img_02876.jpg,0.100761,0.014554,0.478084,0.000829,0.011233,0.001663,0.004836,0.388041
img_02889.jpg,0.756279,0.012178,0.009243,0.035730,0.014707,0.163014,0.001733,0.007116
img_02890.jpg,0.676397,0.004784,0.001704,0.031660,0.001971,0.280631,0.001370,0.001485
img_02899.jpg,0.937654,0.001922,0.001586,0.028410,0.006295,0.017897,0.000616,0.005620
img_02904.jpg,0.965451,0.001681,0.012740,0.004150,0.004934,0.006425,0.002860,0.001758
img_02911.jpg,0.315775,0.007856,0.013276,0.492639,0.019148,0.138883,0.005539,0.006885
img_02916.jpg,0.730165,0.003951,0.106843,0.015765,0.004779,0.127982,0.006421,0.004094
img_02920.jpg,0.598931,0.023181,0.002598,0.003028,0.000595,0.357688,0.007106,0.006873
img_02943.jpg,0.890731,0.013646,0.004327,0.046906,0.001153,0.039489,0.001352,0.002395
img_02949.jpg,0.847084,0.003242,0.067232,0.045467,0.009736,0.023287,0.002007,0.001944
img_02954.jpg,0.048794,0.254999,0.246153,0.002455,0.305531,0.020834,0.012645,0.108590
img_02956.jpg,0.849893,0.018583,0.003440,0.000544,0.002217,0.003513,0.001680,0.120130
img_02964.jpg,0.001627,0.026253,0.059647,0.011701,0.001414,0.010369,0.004233,0.884757
img_02974.jpg,0.811136,0.032196,0.022028,0.002891,0.093158,0.001530,0.002483,0.034578
img_02977.jpg,0.686901,0.135505,0.005194,0.003423,0.142903,0.000761,0.010120,0.015193
img_02993.jpg,0.005075,0.003914,0.005115,0.001769,0.000080,0.012935,0.003876,0.967235
img_03014.jpg,0.003690,0.002464,0.000419,0.000766,0.986672,0.000401,0.001174,0.004414
img_03043.jpg,0.005374,0.009920,0.016265,0.003274,0.000906,0.146289,0.027028,0.790943
img_03055.jpg,0.987705,0.006959,0.000075,0.002749,0.000107,0.001316,0.000142,0.000947
img_03064.jpg,0.801787,0.007554,0.011140,0.001609,0.058671,0.046876,0.024423,0.047941
img_03069.jpg,0.326428,0.044723,0.001217,0.044864,0.001359,0.029255,0.003781,0.548374
img_03074.jpg,0.968361,0.019153,0.000292,0.003693,0.000761,0.000890,0.001798,0.005053
img_03078.jpg,0.762735,0.163795,0.024689,0.018011,0.000840,0.021817,0.001176,0.006937
img_03080.jpg,0.992922,0.000333,0.000155,0.000147,0.004390,0.000103,0.000847,0.001103
img_03082.jpg,0.981498,0.010267,0.000227,0.004031,0.001851,0.000065,0.000118,0.001943
img_03087.jpg,0.029436,0.000568,0.005009,0.001335,0.945661,0.014613,0.001360,0.002020
img_03116.jpg,0.005130,0.089397,0.008811,0.001970,0.468063,0.000536,0.003784,0.422310
img_03128.jpg,0.995250,0.000476,0.000057,0.000035,0.000589,0.000253,0.000146,0.003194
img_03135.jpg,0.340769,0.020863,0.000734,0.001137,0.001266,0.000449,0.000306,0.634475
img_03140.jpg,0.869575,0.064011,0.005957,0.003130,0.010853,0.027870,0.005090,0.013514
img_03166.jpg,0.750248,0.017454,0.003359,0.010742,0.089486,0.067632,0.009056,0.052025
img_03169.jpg,0.000430,0.017028,0.660005,0.001348,0.001925,0.001923,0.000360,0.316982
img_03181.jpg,0.687012,0.072299,0.003126,0.003100,0.016528,0.204855,0.005193,0.007887
img_03195.jpg,0.813165,0.008671,0.000424,0.001988,0.002159,0.096246,0.001195,0.076153
img_03199.jpg,0.836350,0.052373,0.004383,0.001064,0.001244,0.000801,0.007324,0.096460
img_03210.jpg,0.003535,0.105603,0.215664,0.005491,0.004854,0.061060,0.005042,0.598752
img_03220.jpg,0.833205,0.001305,0.001262,0.002210,0.141120,0.017526,0.002522,0.000851
img_03222.jpg,0.789452,0.058363,0.003124,0.005306,0.004595,0.118907,0.005772,0.014482
img_03223.jpg,0.731597,0.172592,0.002199,0.003724,0.001113,0.043584,0.003004,0.042186
img_03228.jpg,0.876087,0.004123,0.001559,0.018787,0.000840,0.005308,0.001035,0.092261
img_03229.jpg,0.209527,0.038991,0.005884,0.015100,0.024577,0.287886,0.326160,0.091874
img_03231.jpg,0.834045,0.004420,0.028222,0.018258,0.011289,0.088359,0.002598,0.012809
img_03238.jpg,0.763832,0.029003,0.000763,0.002152,0.004914,0.030040,0.003824,0.165472
img_03239.jpg,0.000436,0.027246,0.001873,0.000973,0.001511,0.001557,0.959348,0.007056
img_03252.jpg,0.980504,0.007530,0.003493,0.003430,0.001158,0.002321,0.001161,0.000404
img_03254.jpg,0.213552,0.001163,0.001374,0.000501,0.002447,0.776036,0.004449,0.000477
img_03260.jpg,0.904605,0.006646,0.008979,0.006257,0.005554,0.062795,0.001721,0.003442
img_03261.jpg,0.785483,0.039876,0.045408,0.018652,0.018084,0.054222,0.002178,0.036097
img_03270.jpg,0.083350,0.001172,0.012113,0.007787,0.161559,0.009018,0.061945,0.663055
img_03283.jpg,0.067520,0.346035,0.013247,0.078166,0.000082,0.033208,0.014666,0.447077
img_03290.jpg,0.439413,0.011151,0.006060,0.000967,0.004093,0.025652,0.005234,0.507432
img_03297.jpg,0.955063,0.000673,0.006293,0.003939,0.004963,0.026250,0.002292,0.000527
img_03310.jpg,0.908441,0.016164,0.001637,0.006382,0.003304,0.061399,0.002407,0.000267
img_03312.jpg,0.942890,0.012190,0.000737,0.002157,0.000508,0.006474,0.000775,0.034268
img_03324.jpg,0.290565,0.008502,0.180159,0.003841,0.000909,0.040578,0.010102,0.465345
img_03333.jpg,0.831257,0.003550,0.001285,0.000592,0.002345,0.145476,0.013982,0.001513
img_03342.jpg,0.326372,0.052804,0.007127,0.002619,0.002136,0.014373,0.000871,0.593697
img_03346.jpg,0.698605,0.008159,0.011046,0.018577,0.041509,0.160096,0.010807,0.051201
img_03355.jpg,0.163991,0.013853,0.002537,0.002542,0.000839,0.000747,0.051626,0.763865
img_03361.jpg,0.040791,0.764056,0.012656,0.003895,0.010617,0.012279,0.007856,0.147851
img_03370.jpg,0.758619,0.004827,0.000473,0.000692,0.001135,0.001954,0.001073,0.231227
img_03399.jpg,0.218244,0.016660,0.003039,0.003703,0.034915,0.706482,0.014576,0.002382
img_03410.jpg,0.863512,0.001912,0.000491,0.001757,0.110503,0.000810,0.000301,0.020714
img_03422.jpg,0.938247,0.006525,0.001882,0.015669,0.000669,0.036146,0.000254,0.000608
img_03426.jpg,0.963238,0.005212,0.000660,0.003058,0.008890,0.003261,0.002793,0.012888
img_03439.jpg,0.726799,0.004724,0.003416,0.136520,0.004709,0.101083,0.001276,0.021473
img_03440.jpg,0.003366,0.026252,0.052680,0.001265,0.000404,0.003739,0.000992,0.911300
img_03444.jpg,0.964300,0.018225,0.000271,0.001501,0.006278,0.003098,0.000861,0.005467
img_03445.jpg,0.498787,0.000716,0.004903,0.000722,0.486338,0.000035,0.002529,0.005968
img_03446.jpg,0.003389,0.233678,0.571063,0.002870,0.002493,0.023612,0.002130,0.160765
img_03452.jpg,0.013236,0.960938,0.001364,0.000135,0.000810,0.000190,0.000543,0.022784
img_03454.jpg,0.907316,0.002728,0.008672,0.002749,0.064513,0.007503,0.006020,0.000500
img_03456.jpg,0.004241,0.003678,0.000476,0.000967,0.981046,0.000605,0.001628,0.007359
img_03457.jpg,0.625953,0.005482,0.009400,0.002372,0.004110,0.345689,0.000913,0.006082
img_03471.jpg,0.028659,0.008650,0.036583,0.696121,0.007914,0.195056,0.009615,0.017401
img_03475.jpg,0.206398,0.001746,0.001979,0.001649,0.783536,0.000222,0.001414,0.003056
img_03488.jpg,0.817487,0.061730,0.002864,0.002676,0.000321,0.094952,0.004163,0.015807
img_03490.jpg,0.163998,0.256975,0.033109,0.018822,0.160157,0.010788,0.014684,0.341467
img_03502.jpg,0.826097,0.010323,0.008315,0.002027,0.010846,0.053887,0.012627,0.075879
img_03504.jpg,0.513133,0.048727,0.007248,0.002909,0.017823,0.395382,0.003933,0.010846
img_03520.jpg,0.637483,0.011967,0.018356,0.009729,0.070742,0.093930,0.006719,0.151073
img_03527.jpg,0.000106,0.027661,0.135515,0.001956,0.001558,0.000972,0.001484,0.830749
img_03547.jpg,0.986243,0.001738,0.000247,0.001517,0.000302,0.007782,0.001528,0.000643
img_03548.jpg,0.270636,0.013484,0.008656,0.004823,0.002001,0.018616,0.020893,0.660891
img_03554.jpg,0.977593,0.001540,0.000389,0.000351,0.014002,0.002639,0.000472,0.003015
img_03563.jpg,0.971035,0.012052,0.000189,0.012449,0.001153,0.000417,0.000079,0.002626
img_03581.jpg,0.663402,0.005438,0.004075,0.186707,0.005621,0.096045,0.001415,0.037295
img_03584.jpg,0.000427,0.030134,0.108981,0.011401,0.101550,0.000325,0.009778,0.737405
img_03587.jpg,0.021396,0.004373,0.000101,0.000350,0.000021,0.000495,0.000113,0.973151
img_03588.jpg,0.158828,0.001866,0.000317,0.000676,0.005608,0.828068,0.003296,0.001342
img_03602.jpg,0.192970,0.000639,0.001561,0.000480,0.001903,0.794673,0.005752,0.002021
img_03627.jpg,0.968338,0.010575,0.007168,0.001923,0.003797,0.003223,0.004325,0.000651
img_03628.jpg,0.994363,0.000952,0.000219,0.000141,0.001469,0.000126,0.000252,0.002476
img_03652.jpg,0.978382,0.000435,0.000070,0.005473,0.012868,0.000914,0.000080,0.001777
img_03670.jpg,0.945974,0.000910,0.006246,0.001553,0.033234,0.004664,0.007058,0.000361
img_03674.jpg,0.022432,0.001632,0.001794,0.004184,0.960688,0.002600,0.003243,0.003428
img_03677.jpg,0.795766,0.172409,0.006466,0.007126,0.000602,0.002454,0.003261,0.011916
img_03711.jpg,0.950741,0.003101,0.001387,0.001915,0.003220,0.003024,0.000345,0.036266
img_03715.jpg,0.227166,0.018298,0.006242,0.476135,0.087927,0.161143,0.008117,0.014972
img_03718.jpg,0.886146,0.003782,0.001323,0.007774,0.004534,0.089366,0.000850,0.006225
img_03726.jpg,0.000597,0.193698,0.001830,0.050903,0.011988,0.006632,0.003789,0.730562
img_03739.jpg,0.000757,0.003835,0.008322,0.014294,0.000066,0.002161,0.001594,0.968970
img_03749.jpg,0.211739,0.042738,0.006887,0.012212,0.006124,0.353227,0.096062,0.271011
img_03750.jpg,0.194425,0.025832,0.012088,0.002525,0.024485,0.072239,0.027776,0.640632
img_03760.jpg,0.621473,0.078740,0.003221,0.004346,0.000908,0.207618,0.022031,0.061663
img_03764.jpg,0.968696,0.006063,0.002721,0.004833,0.000217,0.010522,0.002436,0.004512
