image,ALB,BET,DOL,LAG,NoF,OTHER,SHARK,YFT
img_00005.jpg,0.060580,0.001087,0.003114,0.000061,0.929417,0.000382,0.000146,0.005213
img_00007.jpg,0.109969,0.019680,0.012490,0.211113,0.036684,0.014670,0.000937,0.594457
img_00009.jpg,0.857719,0.025354,0.001075,0.000364,0.015155,0.014155,0.001399,0.084778
img_00018.jpg,0.955873,0.000802,0.000473,0.000089,0.000086,0.024798,0.000015,0.017863
img_00027.jpg,0.572251,0.003445,0.000384,0.000077,0.003897,0.003262,0.000193,0.416492
img_00030.jpg,0.442923,0.013503,0.037475,0.000824,0.386981,0.056726,0.022831,0.038737
img_00040.jpg,0.593746,0.019552,0.000460,0.000084,0.001675,0.026591,0.318970,0.038923
img_00046.jpg,0.797722,0.000360,0.000133,0.000284,0.196940,0.003632,0.000525,0.000405
img_00053.jpg,0.959635,0.005681,0.000776,0.000163,0.029322,0.000138,0.000245,0.004040
img_00071.jpg,0.022976,0.030078,0.000672,0.881535,0.048506,0.007710,0.000312,0.008211
img_00075.jpg,0.812302,0.004601,0.000084,0.000062,0.001794,0.177698,0.000106,0.003353
img_00102.jpg,0.661883,0.041743,0.000605,0.000097,0.002815,0.029427,0.005848,0.257582
img_00103.jpg,0.658123,0.018285,0.002531,0.000736,0.075115,0.157828,0.001420,0.085963
img_00109.jpg,0.981010,0.000025,0.000120,0.000007,0.017081,0.001512,0.000030,0.000215
img_00119.jpg,0.072318,0.262522,0.002181,0.000252,0.135997,0.005591,0.000771,0.520368
img_00120.jpg,0.072525,0.035112,0.000452,0.000053,0.003448,0.000373,0.010937,0.877100
img_00125.jpg,0.800535,0.022954,0.003369,0.048746,0.011905,0.006826,0.006044,0.099620
img_00128.jpg,0.003590,0.005314,0.967850,0.000034,0.001921,0.000098,0.000097,0.021096
img_00129.jpg,0.487546,0.024778,0.001148,0.000154,0.003076,0.085330,0.281580,0.116388
img_00133.jpg,0.098208,0.004524,0.001257,0.001943,0.673088,0.023739,0.000487,0.196755
img_00138.jpg,0.869896,0.023646,0.002823,0.000195,0.076597,0.008667,0.000617,0.017561
img_00141.jpg,0.003186,0.001189,0.001362,0.000011,0.000153,0.000132,0.000161,0.993805
img_00152.jpg,0.043190,0.009997,0.001670,0.000168,0.065337,0.005476,0.000846,0.873316
img_00161.jpg,0.000270,0.000994,0.000205,0.000205,0.010068,0.062832,0.001929,0.923496
img_00164.jpg,0.003600,0.001150,0.000668,0.000323,0.889985,0.010194,0.000624,0.093456
img_00170.jpg,0.801253,0.001011,0.001533,0.008229,0.041415,0.109307,0.000139,0.037112
img_00171.jpg,0.268327,0.003257,0.002189,0.002403,0.014413,0.704679,0.001840,0.002894
img_00172.jpg,0.048605,0.018442,0.001177,0.000038,0.923080,0.000408,0.000409,0.007840
img_00175.jpg,0.312538,0.000666,0.003153,0.004152,0.001369,0.671088,0.000786,0.006248
img_00180.jpg,0.067374,0.010044,0.003909,0.000393,0.108344,0.001431,0.004971,0.803533
img_00196.jpg,0.031710,0.340682,0.000709,0.000132,0.127655,0.000742,0.000907,0.497464
img_00212.jpg,0.183136,0.009577,0.000076,0.000708,0.005959,0.000856,0.000336,0.799352
img_00223.jpg,0.822646,0.030518,0.005966,0.000684,0.097884,0.029227,0.000600,0.012475
img_00230.jpg,0.659922,0.286779,0.010170,0.000203,0.001343,0.002780,0.001240,0.037564
img_00232.jpg,0.043555,0.013398,0.000564,0.000325,0.054423,0.000736,0.870358,0.016642
img_00244.jpg,0.683012,0.024380,0.003513,0.010246,0.019325,0.083980,0.001967,0.173578
img_00272.jpg,0.422952,0.110714,0.127127,0.014809,0.010405,0.041392,0.012328,0.260273
img_00280.jpg,0.402639,0.004042,0.001172,0.000326,0.561793,0.010120,0.000106,0.019803
img_00282.jpg,0.222374,0.009044,0.003877,0.003438,0.024814,0.729009,0.001593,0.005852
img_00285.jpg,0.617833,0.031877,0.001492,0.000274,0.018758,0.009604,0.089656,0.230505
img_00289.jpg,0.833731,0.005745,0.000131,0.000166,0.133715,0.011653,0.001199,0.013661
img_00292.jpg,0.175252,0.022428,0.004651,0.001883,0.191911,0.109292,0.143379,0.351205
img_00302.jpg,0.634986,0.024509,0.000584,0.000104,0.006067,0.049984,0.252063,0.031704
img_00311.jpg,0.960103,0.000096,0.000011,0.000005,0.025882,0.000289,0.000006,0.013607
img_00320.jpg,0.974328,0.001583,0.000257,0.000022,0.008582,0.000450,0.001112,0.013666
img_00331.jpg,0.637951,0.013745,0.000266,0.000047,0.014834,0.037865,0.001731,0.293561
img_00358.jpg,0.361534,0.123891,0.001892,0.000195,0.003241,0.066932,0.034751,0.407563
img_00374.jpg,0.941178,0.015808,0.000191,0.000122,0.007464,0.000828,0.000510,0.033899
img_00375.jpg,0.583046,0.044689,0.020603,0.005757,0.222186,0.048916,0.001732,0.073071
img_00376.jpg,0.740809,0.000179,0.000160,0.000061,0.082067,0.000232,0.000036,0.176456
img_00380.jpg,0.975873,0.001876,0.006896,0.000952,0.003485,0.005594,0.000035,0.005288
img_00383.jpg,0.928615,0.005297,0.000033,0.000097,0.048945,0.000632,0.000046,0.016334
img_00398.jpg,0.752214,0.029253,0.001122,0.000407,0.060226,0.009216,0.006204,0.141358
img_00407.jpg,0.977448,0.006022,0.000319,0.003247,0.001775,0.010093,0.000057,0.001039
img_00417.jpg,0.165330,0.002762,0.000091,0.000713,0.004099,0.000276,0.000488,0.826242
img_00432.jpg,0.821003,0.005667,0.011243,0.000034,0.113728,0.000314,0.000095,0.047916
img_00442.jpg,0.006393,0.000740,0.008512,0.000204,0.005506,0.000542,0.000036,0.978066
img_00446.jpg,0.876196,0.006853,0.000204,0.003394,0.090642,0.018972,0.000111,0.003628
img_00469.jpg,0.529492,0.014880,0.006181,0.004171,0.097885,0.029735,0.000619,0.317038
img_00473.jpg,0.805093,0.015301,0.005872,0.000100,0.044532,0.000863,0.000625,0.127614
img_00483.jpg,0.978835,0.000339,0.000182,0.000007,0.001723,0.000097,0.000774,0.018042
img_00484.jpg,0.226546,0.411607,0.008578,0.002278,0.039773,0.000910,0.002474,0.307834
img_00486.jpg,0.755258,0.090945,0.143857,0.001735,0.002344,0.000703,0.000585,0.004573
img_00487.jpg,0.014022,0.000978,0.000112,0.002442,0.981880,0.000333,0.000029,0.000204
img_00493.jpg,0.290224,0.027228,0.019694,0.009611,0.580771,0.015721,0.005227,0.051524
img_00518.jpg,0.451175,0.000508,0.000150,0.000276,0.539543,0.003131,0.000759,0.004458
img_00533.jpg,0.294360,0.111893,0.000341,0.000154,0.005658,0.002051,0.004027,0.581516
img_00538.jpg,0.617989,0.198281,0.012945,0.000564,0.003180,0.010469,0.043072,0.113500
img_00543.jpg,0.979505,0.000056,0.000008,0.000007,0.012352,0.000269,0.000005,0.007798
img_00550.jpg,0.842671,0.061981,0.000159,0.000010,0.083431,0.000127,0.000036,0.011584
img_00551.jpg,0.862330,0.008870,0.000626,0.001267,0.002186,0.117674,0.000224,0.006822
img_00564.jpg,0.014872,0.005319,0.000111,0.000048,0.975283,0.000288,0.000641,0.003438
img_00575.jpg,0.444804,0.009043,0.000152,0.000032,0.006010,0.000768,0.005522,0.533669
img_00582.jpg,0.845507,0.015372,0.000310,0.000423,0.120864,0.005998,0.000443,0.011084
img_00584.jpg,0.995579,0.000151,0.000174,0.000004,0.002249,0.000498,0.000028,0.001318
img_00587.jpg,0.533793,0.001178,0.000083,0.000014,0.000730,0.000975,0.000020,0.463206
img_00590.jpg,0.526152,0.028734,0.000453,0.001040,0.002811,0.006233,0.000414,0.434163
img_00591.jpg,0.463416,0.022658,0.000777,0.000205,0.002137,0.003711,0.008347,0.498749
img_00598.jpg,0.818588,0.008817,0.000600,0.000312,0.001097,0.045319,0.000349,0.124917
img_00599.jpg,0.898382,0.016993,0.000246,0.000101,0.004015,0.012277,0.002101,0.065885
img_00612.jpg,0.735282,0.003190,0.004816,0.000092,0.017033,0.194813,0.019144,0.025630
img_00618.jpg,0.693264,0.001403,0.000193,0.000128,0.271944,0.014714,0.001769,0.016586
img_00620.jpg,0.970890,0.009782,0.002152,0.000290,0.008325,0.003469,0.000145,0.004947
img_00642.jpg,0.080315,0.022736,0.079138,0.671835,0.040105,0.083831,0.001907,0.020132
img_00646.jpg,0.002115,0.000982,0.044951,0.000056,0.002974,0.038983,0.000262,0.909677
img_00648.jpg,0.950422,0.000066,0.000010,0.000007,0.035750,0.000316,0.000005,0.013424
img_00650.jpg,0.829795,0.018362,0.007572,0.000236,0.030301,0.019560,0.015736,0.078438
img_00654.jpg,0.557856,0.035050,0.006800,0.000497,0.392528,0.006157,0.000437,0.000674
img_00664.jpg,0.916936,0.000430,0.003151,0.000074,0.041030,0.000481,0.001203,0.036695
img_00667.jpg,0.050089,0.314369,0.001513,0.000247,0.161816,0.002145,0.000642,0.469180
img_00676.jpg,0.066098,0.251402,0.001536,0.000279,0.144819,0.004051,0.000568,0.531246
img_00697.jpg,0.000417,0.000024,0.000339,0.000003,0.000023,0.000053,0.000062,0.999079
img_00708.jpg,0.377890,0.244865,0.001349,0.000070,0.006213,0.011635,0.001618,0.356359
img_00716.jpg,0.216882,0.069376,0.024941,0.001142,0.008961,0.027278,0.110269,0.541151
img_00717.jpg,0.725251,0.214731,0.000303,0.002186,0.017440,0.001328,0.000296,0.038465
img_00718.jpg,0.829020,0.000758,0.000957,0.000929,0.014838,0.107218,0.000547,0.045733
img_00723.jpg,0.127974,0.000128,0.000113,0.000023,0.852490,0.001230,0.000012,0.018031
img_00724.jpg,0.087983,0.005665,0.003677,0.033483,0.180976,0.006058,0.079806,0.602352
img_00726.jpg,0.975983,0.000787,0.000219,0.000024,0.019821,0.000568,0.002051,0.000546
img_00729.jpg,0.475590,0.005379,0.000360,0.000449,0.496218,0.006821,0.000802,0.014380
img_00730.jpg,0.384599,0.002290,0.000164,0.000797,0.001268,0.000073,0.000032,0.610778
img_00757.jpg,0.947560,0.009365,0.000727,0.000952,0.013450,0.001954,0.000040,0.025950
img_00760.jpg,0.077995,0.005994,0.000659,0.755742,0.040799,0.001136,0.000045,0.117629
img_00763.jpg,0.107022,0.005061,0.005561,0.000114,0.692020,0.000463,0.000691,0.189068
img_00764.jpg,0.002907,0.060192,0.052630,0.000288,0.314350,0.001304,0.001175,0.567154
img_00765.jpg,0.046768,0.039191,0.006530,0.151698,0.046986,0.517884,0.005248,0.185695
img_00772.jpg,0.001556,0.006073,0.907547,0.000058,0.005699,0.000103,0.000259,0.078706
img_00773.jpg,0.551317,0.053118,0.290917,0.002707,0.013449,0.047341,0.002650,0.038499
img_00777.jpg,0.870273,0.004432,0.000425,0.000266,0.042344,0.067013,0.001044,0.014204
img_00780.jpg,0.004359,0.013661,0.033966,0.000040,0.002953,0.016363,0.000387,0.928271
img_00798.jpg,0.822983,0.002546,0.002357,0.000112,0.007145,0.001018,0.000744,0.163094
img_00808.jpg,0.732816,0.071696,0.000685,0.000649,0.003350,0.029669,0.000505,0.160630
img_00816.jpg,0.988948,0.000082,0.000042,0.000056,0.006605,0.001010,0.000604,0.002654
img_00828.jpg,0.001173,0.001210,0.000194,0.000017,0.986384,0.002572,0.000792,0.007658
img_00833.jpg,0.230871,0.422822,0.002935,0.000118,0.018458,0.012367,0.003438,0.308992
img_00837.jpg,0.975535,0.002661,0.000039,0.000143,0.020125,0.000970,0.000103,0.000424
img_00855.jpg,0.786816,0.026645,0.001263,0.000711,0.058134,0.003842,0.002587,0.120002
img_00857.jpg,0.973924,0.001036,0.000154,0.000031,0.007174,0.001312,0.003679,0.012690
img_00858.jpg,0.814963,0.002615,0.000205,0.000643,0.158569,0.018507,0.000925,0.003572
img_00865.jpg,0.752637,0.196365,0.005729,0.001749,0.012861,0.020398,0.005337,0.004924
img_00876.jpg,0.048274,0.226398,0.002701,0.000184,0.160526,0.006017,0.001670,0.554229
img_00889.jpg,0.008831,0.000891,0.509209,0.000462,0.002969,0.005691,0.000382,0.471564
img_00894.jpg,0.832015,0.004064,0.008874,0.000603,0.106603,0.001178,0.000086,0.046577
img_00902.jpg,0.031749,0.011346,0.000529,0.000171,0.035844,0.000711,0.886674,0.032975
img_00914.jpg,0.003467,0.003056,0.006374,0.000096,0.018924,0.000489,0.000280,0.967313
img_00921.jpg,0.753698,0.001686,0.000286,0.000262,0.099040,0.001917,0.000188,0.142923
img_00927.jpg,0.276996,0.006000,0.000192,0.000173,0.003482,0.003205,0.000146,0.709806
img_00943.jpg,0.960341,0.000306,0.000117,0.000005,0.000753,0.000091,0.000295,0.038092
img_00948.jpg,0.610626,0.003837,0.001216,0.000912,0.303520,0.005079,0.000343,0.074467
img_00950.jpg,0.231958,0.001329,0.000080,0.000045,0.759993,0.005194,0.000037,0.001363
img_00959.jpg,0.968792,0.001263,0.000073,0.000085,0.023592,0.003616,0.000113,0.002465
img_00962.jpg,0.073337,0.063521,0.018675,0.000317,0.009373,0.004532,0.000759,0.829486
img_00964.jpg,0.000504,0.000095,0.984107,0.000006,0.000059,0.000304,0.000018,0.014907
img_00966.jpg,0.847376,0.009864,0.002219,0.000097,0.077936,0.027002,0.002573,0.032934
img_00974.jpg,0.695037,0.047223,0.005807,0.002885,0.059301,0.017558,0.002123,0.170066
img_00979.jpg,0.669104,0.018323,0.013215,0.001954,0.031563,0.016970,0.000608,0.248263
img_00982.jpg,0.115603,0.005718,0.000510,0.002807,0.215171,0.004239,0.001405,0.654546
img_00985.jpg,0.191998,0.023521,0.006040,0.002096,0.127823,0.156246,0.082303,0.409973
img_00999.jpg,0.882291,0.004460,0.000039,0.000009,0.001309,0.000050,0.000036,0.111808
img_01022.jpg,0.965290,0.000669,0.000778,0.002395,0.012300,0.005938,0.000569,0.012062
img_01031.jpg,0.930604,0.006929,0.002542,0.001558,0.007462,0.049326,0.000181,0.001398
img_01035.jpg,0.852577,0.004712,0.000474,0.000412,0.064309,0.056697,0.000749,0.020070
img_01043.jpg,0.094946,0.011213,0.000147,0.000157,0.886425,0.000696,0.000305,0.006110
img_01058.jpg,0.309255,0.047494,0.000086,0.000063,0.006389,0.000176,0.002633,0.633905
img_01059.jpg,0.829801,0.007207,0.002158,0.000771,0.017912,0.025162,0.037386,0.079603
img_01090.jpg,0.350770,0.055708,0.001054,0.000333,0.338190,0.001468,0.001363,0.251114
img_01102.jpg,0.566636,0.005427,0.000847,0.000273,0.257187,0.001007,0.000104,0.168520
img_01103.jpg,0.040231,0.045951,0.000530,0.000099,0.002110,0.000087,0.000142,0.910850
img_01116.jpg,0.954780,0.002403,0.000961,0.003671,0.015371,0.001684,0.000211,0.020920
img_01134.jpg,0.796964,0.002419,0.000476,0.000991,0.003736,0.181851,0.000213,0.013348
img_01142.jpg,0.926502,0.011579,0.000570,0.000119,0.002043,0.000800,0.000431,0.057956
img_01168.jpg,0.256754,0.341520,0.000415,0.008784,0.034827,0.265413,0.001656,0.090631
img_01171.jpg,0.159217,0.003499,0.002980,0.000072,0.685790,0.000587,0.000363,0.147492
img_01177.jpg,0.960153,0.006225,0.001430,0.000084,0.016777,0.000797,0.000424,0.014110
img_01179.jpg,0.943632,0.000836,0.000987,0.001694,0.039618,0.007519,0.000110,0.005603
img_01188.jpg,0.030549,0.025686,0.004319,0.132821,0.069099,0.610437,0.004793,0.122296
img_01198.jpg,0.298076,0.020989,0.000636,0.000582,0.578331,0.003120,0.000104,0.098162
img_01204.jpg,0.035965,0.243579,0.001238,0.000195,0.129347,0.002287,0.000896,0.586493
img_01208.jpg,0.362992,0.000219,0.000700,0.000036,0.626899,0.000541,0.000028,0.008585
img_01211.jpg,0.946302,0.002834,0.000257,0.000144,0.017779,0.003189,0.000190,0.029303
img_01213.jpg,0.968448,0.000332,0.000078,0.000387,0.020668,0.005931,0.000042,0.004115
img_01222.jpg,0.618081,0.146996,0.005121,0.029588,0.053109,0.013031,0.024432,0.109643
img_01224.jpg,0.733797,0.046937,0.012145,0.000461,0.057507,0.007850,0.000152,0.141151
img_01237.jpg,0.067641,0.000489,0.000278,0.000191,0.900712,0.000530,0.001209,0.028949
img_01249.jpg,0.556874,0.001664,0.000377,0.000579,0.433293,0.000485,0.000140,0.006588
img_01253.jpg,0.004006,0.002670,0.000885,0.000109,0.005168,0.021726,0.000535,0.964902
img_01286.jpg,0.812352,0.003796,0.004897,0.000503,0.092065,0.007073,0.000894,0.078421
img_01289.jpg,0.839087,0.008684,0.001518,0.000140,0.025094,0.024659,0.018939,0.081878
img_01325.jpg,0.215176,0.348923,0.002317,0.000471,0.300379,0.000387,0.000066,0.132281
img_01328.jpg,0.892377,0.000840,0.000260,0.000504,0.031453,0.049417,0.000245,0.024904
img_01366.jpg,0.310499,0.000516,0.002932,0.007103,0.007427,0.662557,0.000780,0.008186
img_01371.jpg,0.908703,0.009227,0.001089,0.000600,0.042215,0.000729,0.000109,0.037328
img_01373.jpg,0.462946,0.081118,0.002216,0.000628,0.423543,0.011622,0.000357,0.017570
img_01377.jpg,0.497913,0.034874,0.001152,0.010513,0.429294,0.001626,0.000210,0.024418
img_01379.jpg,0.859389,0.001907,0.005332,0.001301,0.016186,0.111470,0.000779,0.003637
img_01384.jpg,0.880694,0.016458,0.000932,0.000012,0.076382,0.000066,0.000020,0.025436
img_01388.jpg,0.836315,0.010322,0.000233,0.000504,0.060615,0.062257,0.000379,0.029375
img_01392.jpg,0.005100,0.019536,0.864916,0.000124,0.010053,0.001762,0.000520,0.097988
img_01399.jpg,0.028233,0.608619,0.109554,0.000196,0.038306,0.002727,0.000711,0.211655
img_01404.jpg,0.500685,0.001030,0.001818,0.007412,0.005103,0.013262,0.001167,0.469523
img_01405.jpg,0.751438,0.045367,0.003778,0.000534,0.184216,0.003334,0.001242,0.010092
img_01413.jpg,0.834305,0.002001,0.000858,0.002288,0.139210,0.015181,0.000375,0.005782
img_01426.jpg,0.654928,0.196929,0.001180,0.000702,0.012476,0.010280,0.005021,0.118484
img_01431.jpg,0.123669,0.003785,0.000506,0.723290,0.051498,0.001106,0.000087,0.096060
img_01441.jpg,0.002067,0.002440,0.001484,0.000034,0.012604,0.018619,0.001233,0.961517
img_01444.jpg,0.496955,0.030918,0.001152,0.000415,0.000213,0.040013,0.000758,0.429575
img_01490.jpg,0.005549,0.004894,0.878761,0.000076,0.003225,0.000142,0.000730,0.106622
img_01495.jpg,0.969874,0.000136,0.001499,0.000933,0.001031,0.000883,0.000131,0.025514
img_01505.jpg,0.029561,0.180497,0.001511,0.000130,0.250014,0.002052,0.000704,0.535532
img_01511.jpg,0.960503,0.007828,0.001301,0.001303,0.010685,0.010364,0.000045,0.007971
img_01519.jpg,0.439964,0.118488,0.003892,0.000699,0.005656,0.116579,0.063737,0.250986
img_01530.jpg,0.723757,0.010561,0.005160,0.000615,0.205017,0.004841,0.000210,0.049839
img_01537.jpg,0.583976,0.002868,0.006888,0.001039,0.051289,0.336252,0.000302,0.017385
img_01538.jpg,0.822799,0.023898,0.000124,0.000085,0.004267,0.141748,0.002713,0.004365
img_01541.jpg,0.002301,0.008793,0.000318,0.000030,0.968018,0.006123,0.001067,0.013350
img_01543.jpg,0.974483,0.000283,0.000240,0.000004,0.008655,0.000776,0.000033,0.015526
img_01548.jpg,0.991154,0.000210,0.000054,0.000027,0.002954,0.002033,0.000382,0.003187
img_01552.jpg,0.966072,0.000541,0.000228,0.000035,0.007049,0.007719,0.002706,0.015648
img_01561.jpg,0.097941,0.000592,0.000641,0.000091,0.881902,0.009499,0.000368,0.008967
img_01562.jpg,0.085149,0.005700,0.000378,0.000120,0.009039,0.000544,0.020243,0.878827
img_01571.jpg,0.971128,0.006129,0.000860,0.000012,0.007194,0.003222,0.004776,0.006678
img_01593.jpg,0.900208,0.011584,0.001161,0.000119,0.003543,0.012422,0.003318,0.067643
img_01595.jpg,0.013627,0.012383,0.000323,0.000016,0.894348,0.000651,0.001285,0.077366
img_01616.jpg,0.772709,0.003206,0.001613,0.000119,0.050004,0.005645,0.152974,0.013729
img_01618.jpg,0.777094,0.058982,0.000234,0.000370,0.135896,0.020766,0.001437,0.005222
img_01627.jpg,0.958408,0.001379,0.001160,0.036921,0.000254,0.001595,0.000034,0.000249
img_01632.jpg,0.869269,0.000450,0.000102,0.000108,0.073394,0.000758,0.000700,0.055220
img_01633.jpg,0.501612,0.003641,0.001111,0.000043,0.005999,0.444576,0.039633,0.003385
img_01640.jpg,0.970741,0.000060,0.000011,0.000006,0.015761,0.000480,0.000008,0.012932
img_01646.jpg,0.927875,0.001982,0.000423,0.000087,0.004427,0.000457,0.000315,0.064436
img_01647.jpg,0.276364,0.001223,0.000025,0.000023,0.716624,0.005039,0.000063,0.000639
img_01649.jpg,0.798780,0.029737,0.000773,0.000388,0.100782,0.010868,0.003071,0.055602
img_01657.jpg,0.000959,0.000352,0.993284,0.000023,0.000323,0.000073,0.000059,0.004928
img_01669.jpg,0.111180,0.003751,0.000461,0.776531,0.038677,0.001144,0.000066,0.068190
img_01673.jpg,0.970449,0.003198,0.000094,0.000080,0.010743,0.014219,0.000047,0.001169
img_01681.jpg,0.056579,0.041414,0.001117,0.000097,0.015826,0.001962,0.000997,0.882010
img_01684.jpg,0.898329,0.031193,0.002523,0.002655,0.015724,0.002834,0.035740,0.011002
img_01685.jpg,0.791328,0.009266,0.009064,0.000084,0.164265,0.001722,0.000106,0.024166
img_01687.jpg,0.498601,0.003529,0.000352,0.000072,0.013815,0.010834,0.000869,0.471929
img_01688.jpg,0.700109,0.018877,0.001742,0.000669,0.051871,0.051573,0.038314,0.136844
img_01689.jpg,0.005809,0.000680,0.047643,0.000081,0.005979,0.009201,0.000730,0.929878
img_01716.jpg,0.001257,0.000591,0.000137,0.000010,0.991833,0.001262,0.000425,0.004484
img_01717.jpg,0.116991,0.000594,0.000166,0.000036,0.868183,0.001917,0.000015,0.012099
img_01724.jpg,0.639991,0.007363,0.019363,0.001274,0.060443,0.256680,0.000347,0.014539
img_01745.jpg,0.795916,0.053750,0.006021,0.001229,0.006473,0.004468,0.000479,0.131663
img_01771.jpg,0.844528,0.010570,0.001039,0.024379,0.002720,0.023663,0.000277,0.092824
img_01773.jpg,0.229652,0.029386,0.000575,0.000083,0.008440,0.000817,0.031312,0.699735
img_01781.jpg,0.826931,0.002228,0.002223,0.046116,0.092174,0.010551,0.000453,0.019323
img_01782.jpg,0.010266,0.013281,0.000187,0.000015,0.844875,0.000487,0.000891,0.129999
img_01802.jpg,0.898310,0.021795,0.000926,0.000110,0.012828,0.032861,0.000500,0.032668
img_01803.jpg,0.000176,0.000673,0.980766,0.000006,0.000047,0.000033,0.000073,0.018225
img_01824.jpg,0.586707,0.016666,0.000636,0.000025,0.006045,0.263014,0.125063,0.001845
img_01825.jpg,0.016151,0.968626,0.000612,0.000079,0.006690,0.000035,0.000051,0.007758
img_01831.jpg,0.794372,0.003701,0.002330,0.009695,0.039095,0.056679,0.000382,0.093746
img_01834.jpg,0.834020,0.023787,0.004769,0.000494,0.036216,0.005026,0.000176,0.095512
img_01847.jpg,0.249111,0.019067,0.000731,0.000201,0.006434,0.004546,0.000416,0.719495
img_01853.jpg,0.360590,0.008008,0.000167,0.000111,0.001382,0.001046,0.000043,0.628654
img_01856.jpg,0.989290,0.000427,0.000223,0.000065,0.002120,0.000309,0.000124,0.007441
img_01860.jpg,0.854943,0.005229,0.004032,0.000564,0.047069,0.013834,0.000219,0.074110
img_01862.jpg,0.632753,0.003511,0.029562,0.001915,0.031535,0.274556,0.000333,0.025835
img_01874.jpg,0.635302,0.005534,0.001076,0.000228,0.031012,0.249347,0.015294,0.062207
img_01888.jpg,0.022421,0.118708,0.002631,0.107113,0.042011,0.609015,0.002453,0.095648
img_01918.jpg,0.479337,0.002735,0.000861,0.374665,0.004681,0.122769,0.000556,0.014396
img_01930.jpg,0.970854,0.012239,0.002850,0.000844,0.001624,0.007070,0.000153,0.004366
img_01932.jpg,0.544084,0.018526,0.010932,0.006114,0.122144,0.029343,0.000617,0.268240
img_01955.jpg,0.018187,0.000046,0.000035,0.000159,0.002564,0.000776,0.000024,0.978210
img_01963.jpg,0.993056,0.000041,0.000050,0.000008,0.003865,0.000070,0.000031,0.002878
img_01966.jpg,0.992745,0.001921,0.000031,0.000002,0.000068,0.000517,0.000104,0.004613
img_01976.jpg,0.852661,0.002762,0.000033,0.000026,0.011415,0.000101,0.000877,0.132124
img_01983.jpg,0.601795,0.008908,0.005261,0.000374,0.367671,0.001012,0.000066,0.014912
img_01984.jpg,0.081755,0.062088,0.001104,0.000330,0.002193,0.002819,0.003100,0.846612
img_01995.jpg,0.043429,0.065668,0.011373,0.252486,0.032058,0.127789,0.006775,0.460422
img_01996.jpg,0.645476,0.000678,0.001264,0.000075,0.022231,0.232772,0.095506,0.001998
img_02001.jpg,0.885508,0.003920,0.000441,0.000266,0.004324,0.007719,0.000554,0.097268
img_02006.jpg,0.305255,0.028958,0.282050,0.072168,0.027786,0.045021,0.004288,0.234473
img_02066.jpg,0.897252,0.011378,0.001362,0.000224,0.020411,0.013586,0.004204,0.051584
img_02074.jpg,0.987151,0.002000,0.000267,0.002314,0.001563,0.006092,0.000194,0.000418
img_02076.jpg,0.250106,0.207544,0.046318,0.000554,0.353971,0.006259,0.000161,0.135087
img_02077.jpg,0.471017,0.071017,0.012350,0.074200,0.013681,0.320699,0.000414,0.036622
img_02078.jpg,0.020688,0.000794,0.004382,0.000029,0.909405,0.000123,0.000037,0.064542
img_02082.jpg,0.120629,0.000669,0.001898,0.000779,0.862316,0.004393,0.007923,0.001393
img_02083.jpg,0.053363,0.002845,0.000641,0.001224,0.847207,0.003728,0.000469,0.090524
img_02096.jpg,0.989091,0.001454,0.000058,0.000012,0.007020,0.001120,0.000939,0.000305
img_02119.jpg,0.756529,0.081924,0.008004,0.000815,0.119736,0.024662,0.000518,0.007812
img_02124.jpg,0.503039,0.000127,0.000455,0.000022,0.003773,0.472595,0.016274,0.003716
img_02135.jpg,0.055917,0.000521,0.000373,0.000026,0.758819,0.087376,0.000660,0.096308
img_02146.jpg,0.937647,0.000817,0.000097,0.000056,0.056862,0.000291,0.000014,0.004215
img_02159.jpg,0.427476,0.133864,0.004603,0.018843,0.384377,0.002248,0.000423,0.028165
img_02172.jpg,0.546753,0.010800,0.014869,0.001225,0.096625,0.297055,0.000522,0.032151
img_02180.jpg,0.187445,0.002358,0.001184,0.000052,0.034826,0.747307,0.023965,0.002864
img_02188.jpg,0.523986,0.016263,0.001941,0.000064,0.003797,0.077395,0.010696,0.365859
img_02194.jpg,0.978143,0.000958,0.000023,0.000069,0.014472,0.002193,0.000097,0.004045
img_02209.jpg,0.372481,0.001273,0.003075,0.000057,0.022588,0.575976,0.017779,0.006771
img_02216.jpg,0.027875,0.144561,0.000134,0.000091,0.355462,0.004001,0.000547,0.467330
img_02231.jpg,0.399063,0.012460,0.003628,0.149133,0.063158,0.329083,0.001414,0.042060
img_02235.jpg,0.009026,0.042987,0.002851,0.268040,0.048772,0.010023,0.001272,0.617029
img_02252.jpg,0.888075,0.004266,0.001318,0.000077,0.064823,0.008601,0.002015,0.030826
img_02268.jpg,0.885642,0.001320,0.000497,0.000307,0.001691,0.006675,0.026114,0.077754
img_02270.jpg,0.955027,0.007325,0.000424,0.000138,0.001274,0.001411,0.000231,0.034171
img_02281.jpg,0.160402,0.021108,0.001166,0.100684,0.051450,0.490324,0.001026,0.173840
img_02282.jpg,0.018764,0.011173,0.001769,0.000073,0.013016,0.061781,0.000775,0.892649
img_02285.jpg,0.546639,0.004199,0.000699,0.000483,0.413871,0.019714,0.002138,0.012257
img_02291.jpg,0.967276,0.000722,0.000962,0.000012,0.002759,0.000560,0.001135,0.026574
img_02299.jpg,0.687666,0.136662,0.003203,0.034509,0.021340,0.008896,0.020757,0.086966
img_02305.jpg,0.000422,0.006680,0.001519,0.473378,0.003694,0.008545,0.000131,0.505631
img_02307.jpg,0.254518,0.062341,0.003981,0.001639,0.089772,0.109480,0.049920,0.428348
img_02309.jpg,0.969774,0.000077,0.000008,0.000009,0.020712,0.000171,0.000005,0.009244
img_02318.jpg,0.098955,0.046385,0.000132,0.000391,0.016009,0.001334,0.002557,0.834237
img_02347.jpg,0.311523,0.018599,0.000432,0.000327,0.551863,0.009343,0.000180,0.107734
img_02356.jpg,0.044084,0.001883,0.002757,0.003098,0.028605,0.001077,0.005292,0.913205
img_02367.jpg,0.696336,0.066782,0.003660,0.000539,0.153367,0.013792,0.005930,0.059593
img_02372.jpg,0.038900,0.008326,0.000405,0.000483,0.939097,0.000135,0.000270,0.012385
img_02379.jpg,0.947586,0.000920,0.000229,0.000054,0.011971,0.000211,0.000289,0.038739
img_02384.jpg,0.690639,0.004209,0.000180,0.000040,0.004328,0.007817,0.021276,0.271509
img_02398.jpg,0.838185,0.008701,0.000514,0.000700,0.040208,0.106167,0.000724,0.004800
img_02400.jpg,0.852743,0.034198,0.001716,0.000434,0.099724,0.004630,0.000147,0.006409
img_02406.jpg,0.481598,0.021577,0.010404,0.202990,0.003714,0.198093,0.000464,0.081159
img_02412.jpg,0.348508,0.008511,0.000083,0.000122,0.006393,0.006002,0.000415,0.629966
img_02416.jpg,0.153454,0.017082,0.001769,0.013199,0.314761,0.005785,0.002831,0.491119
img_02422.jpg,0.539606,0.332262,0.001330,0.000422,0.004549,0.018054,0.023729,0.080048
img_02479.jpg,0.000856,0.001635,0.004487,0.000022,0.984987,0.000584,0.001172,0.006257
img_02486.jpg,0.900015,0.019468,0.004931,0.015178,0.005917,0.023976,0.000982,0.029532
img_02487.jpg,0.949340,0.000154,0.000144,0.000013,0.004123,0.000134,0.000712,0.045379
img_02507.jpg,0.876960,0.007489,0.013305,0.000088,0.060926,0.000443,0.000056,0.040733
img_02522.jpg,0.786615,0.018976,0.002707,0.000416,0.110057,0.008239,0.000485,0.072505
img_02540.jpg,0.794540,0.007098,0.004114,0.000049,0.181330,0.000062,0.000023,0.012784
img_02546.jpg,0.116288,0.135313,0.011271,0.001221,0.069828,0.004882,0.002501,0.658695
img_02556.jpg,0.316602,0.004870,0.000160,0.000101,0.003194,0.000518,0.000033,0.674522
img_02560.jpg,0.198161,0.101039,0.000507,0.000571,0.659972,0.007132,0.001497,0.031121
img_02563.jpg,0.004879,0.002669,0.000055,0.000109,0.990195,0.000069,0.000013,0.002011
img_02565.jpg,0.712959,0.002124,0.000366,0.000163,0.045149,0.004081,0.000322,0.234836
img_02573.jpg,0.084805,0.011521,0.000911,0.010187,0.243209,0.001831,0.001426,0.646109
img_02574.jpg,0.863489,0.001947,0.002679,0.000572,0.059212,0.007155,0.000233,0.064715
img_02602.jpg,0.647504,0.069797,0.001587,0.000769,0.144486,0.012488,0.007212,0.116157
img_02607.jpg,0.618186,0.011020,0.001506,0.000350,0.296839,0.013398,0.001936,0.056765
img_02622.jpg,0.952259,0.004037,0.000133,0.000076,0.000985,0.021052,0.000391,0.021068
img_02625.jpg,0.781933,0.000158,0.000347,0.000018,0.005872,0.207404,0.003448,0.000820
img_02636.jpg,0.791031,0.013180,0.000127,0.000012,0.132776,0.000095,0.000224,0.062556
img_02638.jpg,0.969798,0.000707,0.000051,0.000234,0.001127,0.021227,0.000066,0.006790
img_02641.jpg,0.957657,0.001788,0.000980,0.000091,0.001604,0.000874,0.000554,0.036452
img_02646.jpg,0.078918,0.006998,0.000486,0.000161,0.014407,0.038851,0.002101,0.858077
img_02648.jpg,0.007086,0.008223,0.279905,0.001778,0.011492,0.006902,0.003002,0.681613
img_02651.jpg,0.963110,0.000245,0.000450,0.000003,0.002824,0.000195,0.000013,0.033161
img_02656.jpg,0.778891,0.032132,0.001575,0.002809,0.018152,0.040988,0.000928,0.124524
img_02666.jpg,0.987227,0.000109,0.000032,0.000034,0.008968,0.000373,0.000122,0.003135
img_02679.jpg,0.159760,0.173558,0.000404,0.000233,0.501574,0.002034,0.000163,0.162274
img_02687.jpg,0.055608,0.021406,0.000116,0.000345,0.013394,0.000713,0.001154,0.907264
img_02699.jpg,0.485921,0.009779,0.000450,0.000238,0.407368,0.005173,0.005114,0.085958
img_02702.jpg,0.949409,0.000093,0.000180,0.000039,0.035523,0.001020,0.000029,0.013707
img_02703.jpg,0.130217,0.002136,0.002061,0.000374,0.013619,0.000672,0.002739,0.848181
img_02709.jpg,0.929168,0.014175,0.000920,0.001226,0.033651,0.001924,0.000032,0.018904
img_02726.jpg,0.600996,0.013110,0.005805,0.000528,0.365024,0.001888,0.000097,0.012551
img_02733.jpg,0.863239,0.010294,0.004292,0.024674,0.076733,0.013671,0.000562,0.006534
img_02734.jpg,0.676717,0.048135,0.001176,0.001254,0.208328,0.006288,0.001996,0.056105
img_02739.jpg,0.982454,0.000048,0.000004,0.000005,0.015389,0.000196,0.000002,0.001901
img_02749.jpg,0.747042,0.000879,0.002293,0.015620,0.049486,0.138032,0.000194,0.046455
img_02759.jpg,0.021689,0.003797,0.305457,0.000227,0.005191,0.005327,0.000379,0.657932
img_02764.jpg,0.942425,0.002554,0.000090,0.000120,0.041974,0.004445,0.000661,0.007731
img_02766.jpg,0.960301,0.004738,0.000292,0.000039,0.013702,0.001271,0.002432,0.017226
img_02769.jpg,0.028069,0.005581,0.216561,0.000167,0.015771,0.001944,0.000408,0.731499
img_02771.jpg,0.927859,0.009239,0.000564,0.000771,0.000744,0.007847,0.000097,0.052880
img_02789.jpg,0.101954,0.000464,0.002017,0.000406,0.886892,0.002300,0.005226,0.000741
img_02799.jpg,0.919026,0.003676,0.000055,0.000069,0.069756,0.000722,0.000062,0.006636
img_02808.jpg,0.970143,0.001809,0.000443,0.005437,0.003773,0.017110,0.000086,0.001197
img_02811.jpg,0.886318,0.001419,0.000448,0.000427,0.004665,0.067285,0.000240,0.039198
img_02830.jpg,0.346491,0.053280,0.008741,0.000259,0.002104,0.009692,0.029729,0.549704
img_02834.jpg,0.242066,0.012561,0.000431,0.000088,0.000768,0.051437,0.001124,0.691526
img_02837.jpg,0.664023,0.231063,0.000537,0.000632,0.033506,0.019062,0.000953,0.050224
img_02838.jpg,0.847701,0.029676,0.002509,0.001214,0.003462,0.006735,0.001031,0.107671
img_02842.jpg,0.444744,0.001299,0.000815,0.000041,0.009434,0.520257,0.017519,0.005890
img_02857.jpg,0.219273,0.042211,0.004245,0.000282,0.627707,0.002121,0.000191,0.103970
img_02865.jpg,0.040052,0.328636,0.000916,0.000161,0.149567,0.001312,0.000520,0.478837
img_02871.jpg,0.312626,0.051339,0.003638,0.000399,0.006074,0.076364,0.056402,0.493159
img_02876.jpg,0.088542,0.001362,0.006478,0.000103,0.445601,0.000597,0.000064,0.457252
img_02889.jpg,0.945852,0.014025,0.001028,0.001481,0.026384,0.002014,0.000066,0.009150
img_02890.jpg,0.275703,0.000391,0.002962,0.006149,0.004055,0.706080,0.001105,0.003554
img_02899.jpg,0.928367,0.006684,0.002774,0.005363,0.021100,0.026264,0.000568,0.008881
img_02904.jpg,0.936812,0.005464,0.000929,0.000159,0.046770,0.000335,0.000208,0.009322
img_02911.jpg,0.140079,0.024683,0.004680,0.100803,0.037595,0.293241,0.002547,0.396372
img_02916.jpg,0.956472,0.005817,0.002845,0.000869,0.010329,0.021426,0.000274,0.001967
img_02920.jpg,0.778408,0.176602,0.000447,0.022457,0.002743,0.015397,0.000148,0.003799
img_02943.jpg,0.902956,0.000265,0.000458,0.004360,0.000898,0.052390,0.000038,0.038635
img_02949.jpg,0.961643,0.005177,0.004959,0.000866,0.014058,0.002452,0.000100,0.010744
img_02954.jpg,0.069084,0.015627,0.002167,0.000009,0.256736,0.000666,0.000107,0.655603
img_02956.jpg,0.530862,0.037890,0.000106,0.000101,0.008163,0.001172,0.000753,0.420953
img_02964.jpg,0.083792,0.001693,0.022458,0.000047,0.002087,0.000714,0.000328,0.888880
img_02974.jpg,0.886437,0.000269,0.000084,0.000026,0.092060,0.008281,0.000499,0.012344
img_02977.jpg,0.324227,0.237255,0.000671,0.000109,0.430488,0.001262,0.000142,0.005846
img_02993.jpg,0.003595,0.005578,0.024252,0.000020,0.001037,0.000903,0.000086,0.964529
img_03014.jpg,0.003525,0.064343,0.000645,0.000058,0.884207,0.003646,0.001638,0.041939
img_03043.jpg,0.007996,0.015052,0.024841,0.000080,0.005645,0.003710,0.000280,0.942394
img_03055.jpg,0.990226,0.000108,0.000301,0.000079,0.000369,0.000380,0.000255,0.008280
img_03064.jpg,0.857841,0.000597,0.002465,0.000151,0.031871,0.012567,0.001205,0.093302
img_03069.jpg,0.417359,0.001264,0.000734,0.000109,0.000498,0.027010,0.000342,0.552684
img_03074.jpg,0.949362,0.001332,0.000397,0.000200,0.003718,0.000485,0.000052,0.044455
img_03078.jpg,0.439911,0.447002,0.040495,0.001016,0.006025,0.005559,0.005465,0.054526
img_03080.jpg,0.995997,0.000035,0.000050,0.000008,0.002898,0.000233,0.000071,0.000707
img_03082.jpg,0.664391,0.063721,0.003804,0.037297,0.004471,0.013039,0.000376,0.212901
img_03087.jpg,0.235699,0.002287,0.000927,0.000355,0.606578,0.142147,0.001138,0.010868
img_03116.jpg,0.159216,0.041056,0.001007,0.000293,0.568217,0.001029,0.000854,0.228327
img_03128.jpg,0.910208,0.003644,0.000211,0.000014,0.000648,0.000936,0.000024,0.084315
img_03135.jpg,0.246515,0.003485,0.000122,0.000146,0.001255,0.000830,0.000052,0.747595
img_03140.jpg,0.588532,0.134742,0.002468,0.001156,0.133137,0.009022,0.002368,0.128576
img_03166.jpg,0.891882,0.020894,0.001170,0.000142,0.016343,0.038612,0.000590,0.030368
img_03169.jpg,0.004594,0.005602,0.859729,0.000160,0.002514,0.001226,0.000353,0.125821
img_03181.jpg,0.877617,0.004140,0.000173,0.000281,0.063757,0.022969,0.000397,0.030666
img_03195.jpg,0.947519,0.001295,0.000092,0.000083,0.000950,0.003330,0.000086,0.046646
img_03199.jpg,0.542614,0.000329,0.000189,0.000029,0.021636,0.000349,0.000156,0.434697
img_03210.jpg,0.148219,0.047746,0.025631,0.000144,0.012006,0.004756,0.000953,0.760546
img_03220.jpg,0.944386,0.013627,0.000097,0.000650,0.030599,0.006376,0.000272,0.003993
img_03222.jpg,0.770834,0.030357,0.000310,0.009947,0.037660,0.113687,0.000607,0.036597
img_03223.jpg,0.715477,0.121501,0.000403,0.005950,0.020057,0.044093,0.000783,0.091738
img_03228.jpg,0.784809,0.007426,0.000877,0.039631,0.004581,0.026870,0.000180,0.135627
img_03229.jpg,0.585390,0.024265,0.000818,0.000107,0.002477,0.156855,0.184710,0.045378
img_03231.jpg,0.724609,0.023577,0.236557,0.001922,0.004213,0.006477,0.000107,0.002539
img_03238.jpg,0.779134,0.102241,0.001038,0.000199,0.014206,0.009575,0.000663,0.092944
img_03239.jpg,0.038969,0.008640,0.000605,0.000197,0.054395,0.000893,0.884364,0.011935
img_03252.jpg,0.960389,0.005862,0.000320,0.000010,0.002997,0.000345,0.000374,0.029703
img_03254.jpg,0.337074,0.000497,0.000897,0.000025,0.004322,0.636225,0.015400,0.005561
img_03260.jpg,0.937300,0.001064,0.000162,0.000316,0.003775,0.045266,0.003947,0.008170
img_03261.jpg,0.871440,0.054656,0.003372,0.000828,0.001799,0.003320,0.001480,0.063105
img_03270.jpg,0.151528,0.014703,0.006998,0.000468,0.130164,0.002232,0.029229,0.664677
img_03283.jpg,0.001918,0.009792,0.038011,0.448451,0.027362,0.001118,0.000379,0.472969
img_03290.jpg,0.497603,0.054369,0.000681,0.005225,0.002650,0.001573,0.004234,0.433666
img_03297.jpg,0.987423,0.002223,0.000883,0.000169,0.004430,0.002910,0.000067,0.001895
img_03310.jpg,0.895906,0.015162,0.000064,0.001266,0.082748,0.002897,0.000037,0.001920
img_03312.jpg,0.801274,0.008234,0.000538,0.001460,0.029705,0.016977,0.001102,0.140710
img_03324.jpg,0.477817,0.027631,0.014991,0.000463,0.066620,0.008256,0.000370,0.403852
img_03333.jpg,0.805816,0.001973,0.005869,0.000077,0.004298,0.169575,0.008104,0.004288
img_03342.jpg,0.762883,0.001260,0.000070,0.000014,0.001234,0.007837,0.000082,0.226620
img_03346.jpg,0.623204,0.001479,0.000802,0.015707,0.018329,0.313985,0.000942,0.025552
img_03355.jpg,0.100476,0.004805,0.000253,0.000099,0.011075,0.000310,0.010356,0.872626
img_03361.jpg,0.020721,0.920898,0.000333,0.000048,0.010580,0.000071,0.001735,0.045613
img_03370.jpg,0.550960,0.009509,0.001217,0.001341,0.008572,0.033799,0.002880,0.391723
img_03399.jpg,0.855354,0.001564,0.000290,0.000142,0.055862,0.080478,0.000663,0.005648
img_03410.jpg,0.871300,0.001195,0.000465,0.000363,0.123944,0.000252,0.000070,0.002411
img_03422.jpg,0.975310,0.001062,0.000454,0.002518,0.004117,0.012420,0.000124,0.003996
img_03426.jpg,0.845815,0.000104,0.000066,0.000069,0.105318,0.000386,0.000155,0.048087
img_03439.jpg,0.784670,0.002229,0.001380,0.007050,0.043150,0.092353,0.000126,0.069042
img_03440.jpg,0.018128,0.015056,0.317612,0.000056,0.008489,0.000124,0.000695,0.639839
img_03444.jpg,0.898821,0.001854,0.000189,0.000052,0.092027,0.003944,0.000045,0.003068
img_03445.jpg,0.182038,0.000335,0.000961,0.000027,0.800510,0.000095,0.000482,0.015550
img_03446.jpg,0.003446,0.007760,0.917069,0.000097,0.003709,0.001451,0.000305,0.066164
img_03452.jpg,0.279141,0.526393,0.009537,0.000238,0.026861,0.001859,0.011086,0.144885
img_03454.jpg,0.444156,0.000813,0.000308,0.000207,0.541102,0.003316,0.000446,0.009652
img_03456.jpg,0.003401,0.042086,0.000191,0.000041,0.935840,0.003262,0.000977,0.014201
img_03457.jpg,0.650582,0.004643,0.015747,0.002264,0.100210,0.194760,0.000246,0.031549
img_03471.jpg,0.389799,0.006116,0.000665,0.506521,0.008367,0.082810,0.000274,0.005449
img_03475.jpg,0.030986,0.001926,0.017467,0.000152,0.879696,0.000345,0.001704,0.067724
img_03488.jpg,0.786306,0.025914,0.000087,0.000046,0.001214,0.020388,0.000218,0.165826
img_03490.jpg,0.165260,0.004960,0.002224,0.018899,0.309406,0.009464,0.002313,0.487473
img_03502.jpg,0.812438,0.009459,0.000318,0.000053,0.004504,0.001745,0.000137,0.171346
img_03504.jpg,0.865813,0.008383,0.000148,0.000326,0.040195,0.062784,0.000353,0.021997
img_03520.jpg,0.907921,0.012239,0.001627,0.000255,0.022547,0.012344,0.003261,0.039807
img_03527.jpg,0.026717,0.011155,0.341913,0.000262,0.004310,0.001656,0.000246,0.613740
img_03547.jpg,0.949711,0.009062,0.000125,0.000068,0.000088,0.033655,0.000018,0.007273
img_03548.jpg,0.895278,0.006676,0.000227,0.000114,0.001524,0.012920,0.000503,0.082758
img_03554.jpg,0.887924,0.004142,0.000054,0.000079,0.095607,0.000870,0.000059,0.011265
img_03563.jpg,0.611806,0.200779,0.002848,0.007620,0.016943,0.003905,0.001025,0.155073
img_03581.jpg,0.780451,0.001739,0.003461,0.008839,0.048999,0.070339,0.000264,0.085909
img_03584.jpg,0.000313,0.011847,0.020880,0.000211,0.406432,0.000333,0.001332,0.558651
img_03587.jpg,0.051475,0.000636,0.000187,0.000298,0.003453,0.000497,0.000259,0.943196
img_03588.jpg,0.698180,0.000264,0.001144,0.000130,0.019467,0.172278,0.108111,0.000425
img_03602.jpg,0.428294,0.000738,0.001050,0.000080,0.007556,0.530807,0.011192,0.020284
img_03627.jpg,0.954335,0.001403,0.001292,0.000012,0.008099,0.001234,0.000582,0.033043
img_03628.jpg,0.976693,0.000483,0.000409,0.000111,0.004413,0.000786,0.000178,0.016928
img_03652.jpg,0.968943,0.001600,0.000041,0.000088,0.016113,0.002017,0.000252,0.010946
img_03670.jpg,0.585188,0.001992,0.000257,0.000433,0.399608,0.003968,0.000918,0.007637
img_03674.jpg,0.472167,0.015085,0.000072,0.000408,0.503412,0.000366,0.000164,0.008325
img_03677.jpg,0.911242,0.015432,0.003797,0.004493,0.038187,0.006220,0.000278,0.020350
img_03711.jpg,0.862507,0.008708,0.000242,0.000094,0.000999,0.000623,0.000832,0.125994
img_03715.jpg,0.053974,0.003746,0.001374,0.842330,0.057794,0.014473,0.000396,0.025913
img_03718.jpg,0.905722,0.002697,0.000536,0.000758,0.003445,0.078528,0.000124,0.008191
img_03726.jpg,0.000955,0.011964,0.003563,0.362584,0.012624,0.007175,0.000745,0.600390
img_03739.jpg,0.010428,0.000441,0.017747,0.000175,0.001689,0.004958,0.000046,0.964515
img_03749.jpg,0.548560,0.004827,0.002689,0.002207,0.016694,0.089307,0.165429,0.170289
img_03750.jpg,0.577228,0.004130,0.000497,0.000270,0.023457,0.008525,0.002306,0.383588
img_03760.jpg,0.772120,0.014341,0.001557,0.000741,0.024068,0.044279,0.079996,0.062897
img_03764.jpg,0.895108,0.004383,0.000140,0.000080,0.051841,0.000742,0.004325,0.043381
