image,ALB,BET,DOL,LAG,NoF,OTHER,SHARK,YFT
img_00005.jpg,0.000749,0.000005,0.000000,0.000000,0.999243,0.000000,0.000000,0.000003
img_00007.jpg,0.356187,0.288368,0.001526,0.000261,0.003019,0.009808,0.001650,0.339182
img_00009.jpg,0.915441,0.010845,0.000932,0.000208,0.000848,0.070718,0.000017,0.000990
img_00018.jpg,0.822222,0.028714,0.019923,0.019874,0.005803,0.091312,0.006498,0.005654
img_00027.jpg,0.081790,0.001499,0.000256,0.000040,0.000090,0.853178,0.029512,0.033635
img_00030.jpg,0.358849,0.020444,0.003291,0.000718,0.483321,0.007190,0.101293,0.024895
img_00040.jpg,0.080425,0.066806,0.001222,0.000316,0.001751,0.658909,0.133869,0.056701
img_00046.jpg,0.915505,0.000596,0.000429,0.000288,0.058351,0.005134,0.011855,0.007841
img_00053.jpg,0.985581,0.003255,0.001082,0.000074,0.002622,0.003454,0.000012,0.003921
img_00071.jpg,0.394744,0.027939,0.014396,0.434803,0.072525,0.031406,0.021790,0.002396
img_00075.jpg,0.930233,0.010535,0.000099,0.000044,0.002993,0.044378,0.010472,0.001247
img_00102.jpg,0.845626,0.084985,0.000044,0.000024,0.000102,0.012011,0.000217,0.056991
img_00103.jpg,0.489119,0.020793,0.014341,0.000743,0.127506,0.301910,0.000301,0.045286
img_00109.jpg,0.982612,0.000001,0.000039,0.000020,0.014986,0.000042,0.002144,0.000157
img_00119.jpg,0.001605,0.035031,0.017579,0.001627,0.627081,0.014409,0.033442,0.269226
img_00120.jpg,0.229108,0.018901,0.000914,0.000236,0.002382,0.010626,0.013855,0.723978
img_00125.jpg,0.573228,0.000598,0.029352,0.001129,0.004018,0.003378,0.002953,0.385343
img_00128.jpg,0.002524,0.294392,0.616554,0.000132,0.003150,0.001744,0.000236,0.081267
img_00129.jpg,0.325997,0.124489,0.001285,0.000447,0.002375,0.271167,0.190332,0.083907
img_00133.jpg,0.040947,0.003914,0.001414,0.000362,0.907326,0.041974,0.000583,0.003481
img_00138.jpg,0.906733,0.016441,0.000476,0.000081,0.067093,0.000640,0.000084,0.008453
img_00141.jpg,0.000011,0.000093,0.000204,0.000013,0.000009,0.000012,0.000084,0.999574
img_00152.jpg,0.001982,0.000928,0.000383,0.000191,0.000800,0.000209,0.000022,0.995485
img_00161.jpg,0.000027,0.000401,0.000469,0.000051,0.000067,0.000423,0.003859,0.994703
img_00164.jpg,0.004306,0.002019,0.010971,0.000114,0.944725,0.001072,0.000682,0.036111
img_00170.jpg,0.699511,0.002189,0.004342,0.158315,0.017254,0.096959,0.000257,0.021174
img_00171.jpg,0.276990,0.008736,0.010809,0.001753,0.001762,0.694085,0.003390,0.002475
img_00172.jpg,0.000119,0.000001,0.000001,0.000000,0.999864,0.000000,0.000000,0.000015
img_00175.jpg,0.123689,0.002568,0.003154,0.001247,0.001263,0.860830,0.001288,0.005961
img_00180.jpg,0.258967,0.062844,0.021187,0.008032,0.052809,0.035095,0.047661,0.513404
img_00196.jpg,0.000287,0.005124,0.004021,0.000284,0.951902,0.001715,0.008014,0.028652
img_00212.jpg,0.143632,0.032934,0.002206,0.000996,0.001919,0.104227,0.007426,0.706661
img_00223.jpg,0.647906,0.006475,0.218002,0.000133,0.001651,0.000337,0.000145,0.125350
img_00230.jpg,0.382547,0.573598,0.001770,0.000031,0.000100,0.039680,0.000199,0.002075
img_00232.jpg,0.001026,0.001224,0.000077,0.000054,0.000108,0.002400,0.994744,0.000369
img_00244.jpg,0.888415,0.078215,0.000585,0.000188,0.003433,0.006792,0.000646,0.021727
img_00272.jpg,0.479646,0.346572,0.042083,0.011171,0.008133,0.004942,0.001044,0.106409
img_00280.jpg,0.395912,0.000430,0.002711,0.000428,0.559048,0.001079,0.020528,0.019864
img_00282.jpg,0.319199,0.012221,0.009407,0.002494,0.002380,0.641706,0.002869,0.009725
img_00285.jpg,0.901536,0.024176,0.001910,0.000205,0.002766,0.014605,0.008121,0.046681
img_00289.jpg,0.840385,0.000074,0.000140,0.000279,0.156159,0.002259,0.000496,0.000208
img_00292.jpg,0.812069,0.030520,0.001285,0.000320,0.004040,0.070125,0.022502,0.059140
img_00302.jpg,0.143468,0.089730,0.001950,0.000498,0.002754,0.547440,0.171457,0.042704
img_00311.jpg,0.997313,0.000185,0.000017,0.000007,0.001499,0.000493,0.000155,0.000331
img_00320.jpg,0.997602,0.000164,0.000033,0.000004,0.001649,0.000015,0.000012,0.000521
img_00331.jpg,0.527783,0.017172,0.001942,0.000662,0.008721,0.145682,0.057139,0.240899
img_00358.jpg,0.794728,0.013630,0.000041,0.000059,0.000051,0.002614,0.010235,0.178643
img_00374.jpg,0.855206,0.001057,0.000825,0.000130,0.000494,0.002664,0.000010,0.139615
img_00375.jpg,0.071222,0.010521,0.852573,0.005546,0.012905,0.037061,0.002029,0.008142
img_00376.jpg,0.736435,0.050023,0.001283,0.000183,0.003256,0.130236,0.021598,0.056988
img_00380.jpg,0.977120,0.014500,0.003816,0.000048,0.000779,0.002703,0.000053,0.000980
img_00383.jpg,0.988090,0.003041,0.000095,0.000025,0.004053,0.002984,0.000560,0.001152
img_00398.jpg,0.859374,0.033420,0.001636,0.000445,0.024070,0.019455,0.016592,0.045007
img_00407.jpg,0.700025,0.044980,0.227031,0.003966,0.003573,0.016223,0.000244,0.003957
img_00417.jpg,0.194335,0.033819,0.003512,0.002248,0.002626,0.161798,0.022192,0.579469
img_00432.jpg,0.484549,0.016316,0.006513,0.000194,0.275179,0.202675,0.000226,0.014348
img_00442.jpg,0.000184,0.000145,0.000115,0.000038,0.000014,0.000160,0.001083,0.998260
img_00446.jpg,0.951481,0.011365,0.000444,0.000169,0.014372,0.021352,0.000277,0.000539
img_00469.jpg,0.885556,0.006211,0.001413,0.002622,0.022912,0.033907,0.025994,0.021384
img_00473.jpg,0.958534,0.014184,0.006360,0.000142,0.011296,0.003450,0.001941,0.004093
img_00483.jpg,0.996072,0.000400,0.000200,0.000013,0.000868,0.000036,0.000697,0.001713
img_00484.jpg,0.216667,0.032619,0.043519,0.008379,0.033240,0.016962,0.045043,0.603572
img_00486.jpg,0.934549,0.004024,0.058369,0.001308,0.000425,0.000558,0.000062,0.000704
img_00487.jpg,0.000884,0.000012,0.000060,0.000082,0.998147,0.000028,0.000761,0.000027
img_00493.jpg,0.150568,0.005833,0.004031,0.000305,0.814215,0.002090,0.001240,0.021718
img_00518.jpg,0.921250,0.000063,0.000302,0.000253,0.072556,0.002557,0.000491,0.002527
img_00533.jpg,0.302860,0.264844,0.000711,0.000358,0.003980,0.121534,0.018776,0.286938
img_00538.jpg,0.982409,0.013342,0.000093,0.000207,0.000133,0.001510,0.000007,0.002298
img_00543.jpg,0.997401,0.000220,0.000018,0.000007,0.001247,0.000608,0.000214,0.000285
img_00550.jpg,0.495867,0.013893,0.283823,0.000143,0.162568,0.038907,0.000073,0.004726
img_00551.jpg,0.930493,0.001374,0.001855,0.002817,0.003204,0.049730,0.000465,0.010061
img_00564.jpg,0.000037,0.000068,0.000002,0.000000,0.999803,0.000005,0.000001,0.000084
img_00575.jpg,0.034626,0.010078,0.000403,0.000253,0.000666,0.012219,0.050260,0.891494
img_00582.jpg,0.445259,0.012775,0.001051,0.000251,0.003620,0.514847,0.013012,0.009186
img_00584.jpg,0.882286,0.088855,0.006524,0.000080,0.008304,0.001101,0.009125,0.003724
img_00587.jpg,0.731584,0.042966,0.000064,0.000040,0.000047,0.017107,0.000188,0.208003
img_00590.jpg,0.214127,0.037095,0.000524,0.000253,0.000662,0.009111,0.003693,0.734535
img_00591.jpg,0.354203,0.037180,0.006614,0.001041,0.002624,0.102286,0.022752,0.473301
img_00598.jpg,0.982308,0.010062,0.000235,0.000011,0.000013,0.000089,0.000001,0.007281
img_00599.jpg,0.906402,0.011004,0.003030,0.000317,0.009767,0.020007,0.006815,0.042657
img_00612.jpg,0.965367,0.000941,0.000288,0.000034,0.000563,0.024090,0.003406,0.005311
img_00618.jpg,0.698539,0.000080,0.000105,0.000260,0.299345,0.001251,0.000156,0.000264
img_00620.jpg,0.930990,0.009721,0.011168,0.000778,0.004970,0.023085,0.000112,0.019175
img_00642.jpg,0.036337,0.003661,0.004743,0.888637,0.004205,0.040672,0.011544,0.010201
img_00646.jpg,0.001483,0.007124,0.092086,0.000220,0.000162,0.000628,0.000076,0.898222
img_00648.jpg,0.997436,0.000171,0.000018,0.000006,0.001571,0.000405,0.000150,0.000242
img_00650.jpg,0.983052,0.000269,0.000080,0.000016,0.000705,0.013346,0.002250,0.000283
img_00654.jpg,0.629907,0.017933,0.052041,0.001994,0.008721,0.006058,0.003705,0.279640
img_00664.jpg,0.989445,0.000106,0.000033,0.000010,0.009991,0.000048,0.000025,0.000342
img_00667.jpg,0.002124,0.040724,0.014338,0.001244,0.728841,0.011208,0.033897,0.167623
img_00676.jpg,0.002206,0.044036,0.012893,0.001388,0.614164,0.006788,0.013167,0.305357
img_00697.jpg,0.000006,0.000131,0.000343,0.000006,0.000003,0.000020,0.000046,0.999445
img_00708.jpg,0.803069,0.086100,0.000819,0.000109,0.000417,0.086150,0.020591,0.002746
img_00716.jpg,0.130843,0.112481,0.015306,0.005964,0.003592,0.168407,0.017926,0.545481
img_00717.jpg,0.893361,0.021827,0.001756,0.004009,0.010787,0.049859,0.008471,0.009930
img_00718.jpg,0.952416,0.000832,0.000557,0.000738,0.009075,0.035970,0.000131,0.000281
img_00723.jpg,0.059007,0.000089,0.000087,0.000057,0.935020,0.000472,0.001240,0.004028
img_00724.jpg,0.130349,0.010845,0.034532,0.005189,0.068793,0.021705,0.070366,0.658221
img_00726.jpg,0.987829,0.000091,0.000044,0.000014,0.011266,0.000166,0.000137,0.000454
img_00729.jpg,0.848136,0.000054,0.000204,0.000196,0.145055,0.004386,0.001410,0.000559
img_00730.jpg,0.002968,0.002413,0.000616,0.000094,0.000228,0.000164,0.000236,0.993283
img_00757.jpg,0.804190,0.005572,0.088997,0.033817,0.054742,0.005210,0.000579,0.006892
img_00760.jpg,0.053739,0.000914,0.004473,0.814586,0.017164,0.016180,0.039898,0.053045
img_00763.jpg,0.008448,0.001525,0.000569,0.000072,0.909026,0.000141,0.000063,0.080155
img_00764.jpg,0.074339,0.028429,0.199206,0.000763,0.065815,0.004220,0.033446,0.593782
img_00765.jpg,0.003388,0.660748,0.002519,0.046817,0.000203,0.153534,0.101395,0.031395
img_00772.jpg,0.002264,0.043536,0.303513,0.000344,0.002122,0.000889,0.000122,0.647210
img_00773.jpg,0.459426,0.042265,0.473454,0.000721,0.014541,0.005110,0.000802,0.003680
img_00777.jpg,0.975100,0.002585,0.000302,0.000159,0.006050,0.014592,0.000273,0.000939
img_00780.jpg,0.016818,0.010990,0.090975,0.002951,0.004870,0.022609,0.000993,0.849795
img_00798.jpg,0.746495,0.232341,0.000940,0.000117,0.000303,0.010083,0.000073,0.009649
img_00808.jpg,0.924887,0.073267,0.000115,0.000005,0.000013,0.000131,0.000004,0.001578
img_00816.jpg,0.953305,0.006592,0.000162,0.000168,0.021245,0.000124,0.000081,0.018324
img_00828.jpg,0.024438,0.001349,0.000980,0.000069,0.963189,0.000361,0.001381,0.008232
img_00833.jpg,0.635831,0.155020,0.000621,0.000187,0.000489,0.097513,0.017518,0.092822
img_00837.jpg,0.912600,0.024691,0.004093,0.000368,0.042338,0.013467,0.000026,0.002417
img_00855.jpg,0.826108,0.024295,0.000180,0.000421,0.002533,0.001129,0.000051,0.145282
img_00857.jpg,0.995433,0.000433,0.000096,0.000011,0.002751,0.000049,0.000029,0.001198
img_00858.jpg,0.523628,0.244380,0.001352,0.000601,0.018088,0.122229,0.010388,0.079335
img_00865.jpg,0.921386,0.075437,0.000407,0.000049,0.000292,0.002308,0.000011,0.000112
img_00876.jpg,0.002861,0.010813,0.005243,0.000553,0.873723,0.001743,0.004866,0.100198
img_00889.jpg,0.012377,0.011825,0.144586,0.014353,0.006350,0.024227,0.001957,0.784325
img_00894.jpg,0.404455,0.000727,0.020527,0.001126,0.438424,0.000537,0.028473,0.105730
img_00902.jpg,0.000440,0.000823,0.000061,0.000040,0.000071,0.001529,0.996833,0.000201
img_00914.jpg,0.030730,0.016055,0.053118,0.000384,0.052217,0.003318,0.001825,0.842354
img_00921.jpg,0.409232,0.007758,0.002131,0.000312,0.006118,0.464366,0.013358,0.096725
img_00927.jpg,0.172218,0.023933,0.000171,0.000087,0.000294,0.003901,0.000406,0.798990
img_00943.jpg,0.997649,0.000518,0.000091,0.000010,0.000514,0.000030,0.000336,0.000852
img_00948.jpg,0.227509,0.000204,0.001165,0.000184,0.763032,0.000826,0.000093,0.006986
img_00950.jpg,0.111214,0.001356,0.000067,0.000004,0.886474,0.000015,0.000006,0.000865
img_00959.jpg,0.997051,0.000265,0.000146,0.000016,0.001063,0.000952,0.000050,0.000458
img_00962.jpg,0.016563,0.182271,0.002352,0.000202,0.003244,0.000305,0.000196,0.794868
img_00964.jpg,0.000139,0.000271,0.987752,0.000009,0.000083,0.000200,0.000002,0.011545
img_00966.jpg,0.975322,0.007308,0.010526,0.000091,0.003079,0.000919,0.001211,0.001545
img_00974.jpg,0.841197,0.057690,0.000348,0.000763,0.000384,0.019572,0.008737,0.071310
img_00979.jpg,0.327904,0.017269,0.006427,0.000418,0.327849,0.000426,0.000019,0.319688
img_00982.jpg,0.449426,0.134482,0.001579,0.000152,0.111959,0.007749,0.000129,0.294525
img_00985.jpg,0.731653,0.034195,0.001479,0.000452,0.005804,0.092257,0.006666,0.127494
img_00999.jpg,0.725904,0.008603,0.000015,0.000008,0.000016,0.000194,0.000020,0.265240
img_01022.jpg,0.891774,0.001368,0.009077,0.004509,0.034214,0.055353,0.001312,0.002394
img_01031.jpg,0.957590,0.008546,0.003075,0.000183,0.002029,0.011299,0.000212,0.017065
img_01035.jpg,0.960290,0.001493,0.000336,0.000181,0.006877,0.029893,0.000400,0.000530
img_01043.jpg,0.001325,0.002163,0.000027,0.000002,0.996438,0.000031,0.000007,0.000006
img_01058.jpg,0.926772,0.014536,0.000276,0.000037,0.016141,0.014223,0.000078,0.027937
img_01059.jpg,0.159112,0.027027,0.000506,0.000236,0.003227,0.118426,0.020859,0.670607
img_01090.jpg,0.631330,0.113116,0.000673,0.000340,0.218163,0.000141,0.010623,0.025615
img_01102.jpg,0.225046,0.515095,0.023972,0.002801,0.018902,0.001751,0.000496,0.211937
img_01103.jpg,0.018400,0.879312,0.010073,0.000671,0.003717,0.000343,0.000256,0.087228
img_01116.jpg,0.997604,0.001759,0.000009,0.000001,0.000005,0.000060,0.000038,0.000524
img_01134.jpg,0.595746,0.000482,0.001194,0.001578,0.002085,0.398285,0.000197,0.000433
img_01142.jpg,0.981041,0.002474,0.007366,0.000141,0.003018,0.003477,0.000093,0.002389
img_01168.jpg,0.002535,0.636316,0.000548,0.000104,0.000022,0.346293,0.011718,0.002464
img_01171.jpg,0.002784,0.001843,0.000471,0.000057,0.899016,0.000092,0.000064,0.095672
img_01177.jpg,0.959728,0.001002,0.005057,0.000306,0.005648,0.012932,0.000046,0.015281
img_01179.jpg,0.447959,0.005622,0.001499,0.004843,0.185207,0.333964,0.001304,0.019601
img_01188.jpg,0.000973,0.866018,0.000778,0.001542,0.000050,0.051171,0.075468,0.003999
img_01198.jpg,0.882440,0.004994,0.000585,0.000366,0.072100,0.001197,0.003362,0.034958
img_01204.jpg,0.002386,0.036776,0.017651,0.001265,0.740909,0.009593,0.050165,0.141254
img_01208.jpg,0.155868,0.000438,0.000045,0.000003,0.842024,0.000010,0.000016,0.001595
img_01211.jpg,0.993522,0.001212,0.000078,0.000022,0.000934,0.002440,0.000388,0.001403
img_01213.jpg,0.546879,0.185062,0.023185,0.001940,0.008925,0.096100,0.000230,0.137679
img_01222.jpg,0.575564,0.300629,0.001733,0.020467,0.001834,0.002534,0.000126,0.097112
img_01224.jpg,0.219814,0.014523,0.002059,0.000359,0.424005,0.000442,0.000040,0.338758
img_01237.jpg,0.394745,0.021212,0.002573,0.002009,0.449542,0.017834,0.072738,0.039348
img_01249.jpg,0.745215,0.026618,0.054930,0.028227,0.106089,0.019251,0.001326,0.018343
img_01253.jpg,0.000099,0.000531,0.000896,0.000023,0.000588,0.000533,0.000626,0.996704
img_01286.jpg,0.274214,0.342598,0.001770,0.000733,0.180404,0.010492,0.021880,0.167908
img_01289.jpg,0.125585,0.031103,0.001543,0.000337,0.007664,0.084295,0.008989,0.740484
img_01325.jpg,0.148057,0.809919,0.001318,0.000354,0.023126,0.000572,0.001827,0.014827
img_01328.jpg,0.769786,0.046067,0.004969,0.000463,0.010124,0.105312,0.000062,0.063217
img_01366.jpg,0.099731,0.002724,0.002516,0.001038,0.001082,0.889134,0.000626,0.003148
img_01371.jpg,0.985769,0.000125,0.000407,0.000014,0.005071,0.000082,0.000032,0.008501
img_01373.jpg,0.870302,0.008527,0.002301,0.000934,0.097007,0.015236,0.000173,0.005520
img_01377.jpg,0.650282,0.004665,0.037567,0.001317,0.301112,0.002493,0.000343,0.002220
img_01379.jpg,0.948634,0.001205,0.014428,0.001636,0.014835,0.015748,0.002102,0.001413
img_01384.jpg,0.607417,0.012029,0.107442,0.000114,0.242457,0.023458,0.000159,0.006924
img_01388.jpg,0.306680,0.023335,0.002354,0.000102,0.117335,0.530855,0.000165,0.019175
img_01392.jpg,0.000221,0.276599,0.686519,0.000053,0.001563,0.000615,0.000085,0.034344
img_01399.jpg,0.000703,0.908694,0.013369,0.000094,0.001111,0.001842,0.000856,0.073332
img_01404.jpg,0.831958,0.004958,0.001381,0.136955,0.001356,0.022271,0.000259,0.000862
img_01405.jpg,0.863878,0.007790,0.000876,0.000229,0.003841,0.121611,0.000618,0.001157
img_01413.jpg,0.829234,0.003486,0.004773,0.001619,0.068858,0.087447,0.000707,0.003877
img_01426.jpg,0.043321,0.880285,0.000857,0.000056,0.000704,0.052492,0.016725,0.005560
img_01431.jpg,0.017709,0.000342,0.004992,0.928799,0.006635,0.007841,0.031351,0.002331
img_01441.jpg,0.001110,0.001232,0.005182,0.000133,0.001067,0.003986,0.007945,0.979345
img_01444.jpg,0.067086,0.011421,0.000693,0.000202,0.000636,0.045608,0.007180,0.867174
img_01490.jpg,0.000089,0.012166,0.941164,0.000023,0.000097,0.001791,0.000004,0.044665
img_01495.jpg,0.996347,0.000354,0.000060,0.000023,0.000040,0.001249,0.000005,0.001922
img_01505.jpg,0.001395,0.015762,0.009247,0.000607,0.859142,0.004023,0.011181,0.098642
img_01511.jpg,0.977988,0.007191,0.009003,0.000573,0.003574,0.001233,0.000033,0.000404
img_01519.jpg,0.861245,0.083723,0.000576,0.000258,0.000300,0.040463,0.009748,0.003688
img_01530.jpg,0.777003,0.000120,0.001278,0.000679,0.215187,0.000282,0.000036,0.005416
img_01537.jpg,0.976052,0.000926,0.001790,0.000109,0.004811,0.000691,0.000057,0.015564
img_01538.jpg,0.002628,0.000004,0.000001,0.000001,0.000016,0.987347,0.009994,0.000009
img_01541.jpg,0.000486,0.000211,0.000474,0.000037,0.993775,0.000062,0.000235,0.004720
img_01543.jpg,0.815161,0.108364,0.021044,0.000020,0.049331,0.000120,0.000330,0.005630
img_01548.jpg,0.985197,0.000172,0.000068,0.000019,0.011946,0.000115,0.000027,0.002456
img_01552.jpg,0.997694,0.000138,0.000070,0.000008,0.001855,0.000066,0.000009,0.000160
img_01561.jpg,0.000975,0.000008,0.000001,0.000000,0.998950,0.000003,0.000000,0.000063
img_01562.jpg,0.256251,0.042188,0.001059,0.000244,0.003802,0.014118,0.059328,0.623010
img_01571.jpg,0.997218,0.000242,0.000132,0.000009,0.000616,0.000024,0.001391,0.000367
img_01593.jpg,0.930270,0.021139,0.000301,0.000079,0.000372,0.039995,0.000835,0.007010
img_01595.jpg,0.000022,0.000001,0.000004,0.000000,0.999947,0.000003,0.000003,0.000020
img_01616.jpg,0.730009,0.071000,0.001939,0.000257,0.011293,0.005153,0.117564,0.062786
img_01618.jpg,0.815080,0.007024,0.000625,0.000342,0.104384,0.071100,0.000168,0.001278
img_01627.jpg,0.996053,0.001347,0.000025,0.000052,0.000003,0.002502,0.000009,0.000008
img_01632.jpg,0.931435,0.008299,0.000107,0.000106,0.050977,0.000257,0.000130,0.008689
img_01633.jpg,0.874293,0.000972,0.000184,0.000134,0.000604,0.106697,0.006136,0.010980
img_01640.jpg,0.996820,0.000169,0.000024,0.000008,0.001980,0.000568,0.000136,0.000296
img_01646.jpg,0.956523,0.031555,0.000059,0.000020,0.000354,0.003514,0.000028,0.007947
img_01647.jpg,0.244622,0.000276,0.002727,0.000045,0.751398,0.000015,0.000121,0.000794
img_01649.jpg,0.947824,0.014479,0.001352,0.002132,0.027485,0.003589,0.000699,0.002441
img_01657.jpg,0.000118,0.084137,0.865309,0.000058,0.000558,0.000163,0.000069,0.049586
img_01669.jpg,0.028633,0.000213,0.001969,0.946368,0.004523,0.007005,0.005536,0.005753
img_01673.jpg,0.711328,0.177878,0.000414,0.000252,0.039281,0.012657,0.037104,0.021086
img_01681.jpg,0.370301,0.060139,0.049145,0.001067,0.028705,0.092981,0.048078,0.349584
img_01684.jpg,0.917508,0.046129,0.001995,0.000173,0.005422,0.006180,0.000525,0.022069
img_01685.jpg,0.580527,0.006983,0.025345,0.000177,0.193942,0.181778,0.000084,0.011164
img_01687.jpg,0.710479,0.028392,0.000509,0.000192,0.000826,0.014040,0.003292,0.242269
img_01688.jpg,0.083195,0.031428,0.001559,0.000344,0.020051,0.071236,0.016355,0.775833
img_01689.jpg,0.027997,0.016701,0.125550,0.003883,0.025327,0.043945,0.002250,0.754349
img_01716.jpg,0.000532,0.000037,0.000206,0.000013,0.998268,0.000038,0.000229,0.000676
img_01717.jpg,0.059448,0.000068,0.000077,0.000038,0.937098,0.000296,0.001887,0.001089
img_01724.jpg,0.992112,0.000777,0.000819,0.000041,0.001713,0.000672,0.000020,0.003846
img_01745.jpg,0.508733,0.007714,0.453743,0.003826,0.010603,0.005316,0.002388,0.007675
img_01771.jpg,0.937496,0.008554,0.006934,0.000773,0.000704,0.034133,0.000015,0.011391
img_01773.jpg,0.420728,0.047544,0.001600,0.000458,0.003050,0.011894,0.023218,0.491508
img_01781.jpg,0.569556,0.013763,0.018769,0.220771,0.045832,0.088806,0.004310,0.038194
img_01782.jpg,0.000389,0.000030,0.000054,0.000002,0.998938,0.000177,0.000222,0.000188
img_01802.jpg,0.606012,0.127162,0.001472,0.002525,0.018442,0.055324,0.021014,0.168049
img_01803.jpg,0.000052,0.008062,0.959623,0.000004,0.000084,0.000089,0.000001,0.032087
img_01824.jpg,0.882892,0.001172,0.000334,0.000204,0.001558,0.098225,0.010367,0.005250
img_01825.jpg,0.004752,0.994866,0.000005,0.000001,0.000021,0.000006,0.000114,0.000235
img_01831.jpg,0.576776,0.004193,0.006871,0.193413,0.017379,0.159435,0.000687,0.041245
img_01834.jpg,0.197213,0.017291,0.005587,0.000886,0.176577,0.003045,0.000081,0.599321
img_01847.jpg,0.298782,0.083376,0.000578,0.000385,0.001437,0.081425,0.011171,0.522847
img_01853.jpg,0.134894,0.012275,0.000128,0.000066,0.000188,0.001946,0.000076,0.850427
img_01856.jpg,0.994403,0.000845,0.001275,0.000075,0.001318,0.001396,0.000147,0.000541
img_01860.jpg,0.957164,0.003929,0.000855,0.000040,0.000201,0.021655,0.015701,0.000455
img_01862.jpg,0.991674,0.001136,0.000790,0.000042,0.001926,0.000594,0.000021,0.003817
img_01874.jpg,0.297656,0.016122,0.008677,0.002786,0.053341,0.203532,0.314713,0.103174
img_01888.jpg,0.000664,0.828217,0.000643,0.001582,0.000027,0.127383,0.038923,0.002561
img_01918.jpg,0.359459,0.005497,0.006882,0.552519,0.025636,0.026453,0.003503,0.020050
img_01930.jpg,0.982018,0.009830,0.004802,0.000066,0.000601,0.001556,0.000039,0.001087
img_01932.jpg,0.873708,0.004193,0.002321,0.003267,0.051818,0.041667,0.016215,0.006811
img_01955.jpg,0.000193,0.000080,0.000583,0.000429,0.000004,0.000788,0.207635,0.790287
img_01963.jpg,0.940923,0.000067,0.001219,0.000118,0.010963,0.000357,0.003099,0.043253
img_01966.jpg,0.777866,0.098416,0.000874,0.000072,0.001441,0.004632,0.001271,0.115428
img_01976.jpg,0.974428,0.009728,0.000070,0.000015,0.007046,0.000826,0.000031,0.007857
img_01983.jpg,0.763793,0.002134,0.000602,0.000023,0.222927,0.005850,0.000012,0.004659
img_01984.jpg,0.176896,0.247259,0.003165,0.000006,0.000217,0.000041,0.000080,0.572336
img_01995.jpg,0.006925,0.760324,0.004367,0.020285,0.000565,0.166268,0.005069,0.036197
img_01996.jpg,0.153348,0.006551,0.001791,0.000844,0.066322,0.659058,0.071950,0.040136
img_02001.jpg,0.899007,0.020371,0.001039,0.000784,0.003183,0.023286,0.027162,0.025170
img_02006.jpg,0.251059,0.008008,0.379099,0.237775,0.003313,0.038479,0.000746,0.081522
img_02066.jpg,0.969752,0.003692,0.004286,0.000299,0.002138,0.003032,0.000042,0.016759
img_02074.jpg,0.907864,0.032733,0.035091,0.011328,0.005317,0.003767,0.000231,0.003670
img_02076.jpg,0.157460,0.621314,0.001856,0.001019,0.011076,0.001214,0.003050,0.203010
img_02077.jpg,0.147293,0.000835,0.003697,0.280842,0.000898,0.564099,0.000438,0.001897
img_02078.jpg,0.004468,0.000639,0.127710,0.000025,0.840752,0.000011,0.000010,0.026384
img_02082.jpg,0.210140,0.001735,0.151086,0.000296,0.276612,0.001562,0.325388,0.033181
img_02083.jpg,0.049279,0.005034,0.001139,0.000402,0.813809,0.126026,0.002428,0.001884
img_02096.jpg,0.992997,0.000781,0.000034,0.000018,0.002062,0.000441,0.000666,0.003001
img_02119.jpg,0.653235,0.008409,0.259378,0.000199,0.008879,0.000793,0.000143,0.068964
img_02124.jpg,0.094210,0.001959,0.000321,0.000131,0.002452,0.820246,0.075127,0.005554
img_02135.jpg,0.207999,0.075497,0.000500,0.000686,0.647946,0.002890,0.054919,0.009563
img_02146.jpg,0.859194,0.000462,0.000108,0.000030,0.118500,0.000123,0.019835,0.001748
img_02159.jpg,0.371791,0.040438,0.015777,0.004392,0.559755,0.002131,0.000145,0.005571
img_02172.jpg,0.967362,0.003346,0.003442,0.000154,0.003754,0.001696,0.000079,0.020166
img_02180.jpg,0.656120,0.007775,0.002009,0.000342,0.003677,0.238202,0.024631,0.067244
img_02188.jpg,0.329139,0.013371,0.000312,0.000080,0.000302,0.014109,0.002323,0.640364
img_02194.jpg,0.881530,0.000062,0.000024,0.000032,0.118185,0.000060,0.000053,0.000055
img_02209.jpg,0.214453,0.006174,0.000349,0.000277,0.003736,0.661591,0.103315,0.010105
img_02216.jpg,0.304116,0.100217,0.012868,0.000716,0.150038,0.022668,0.011886,0.397491
img_02231.jpg,0.430942,0.006483,0.006247,0.072697,0.096304,0.317452,0.066580,0.003295
img_02235.jpg,0.001882,0.398312,0.000991,0.019262,0.000096,0.543555,0.002055,0.033846
img_02252.jpg,0.924176,0.000014,0.000085,0.000043,0.072625,0.000054,0.002794,0.000208
img_02268.jpg,0.972577,0.011789,0.002894,0.000390,0.002015,0.007796,0.000025,0.002514
img_02270.jpg,0.958564,0.001579,0.003515,0.000289,0.002631,0.001001,0.001052,0.031369
img_02281.jpg,0.138372,0.139664,0.007910,0.453121,0.031221,0.134259,0.025098,0.070354
img_02282.jpg,0.000089,0.000813,0.001176,0.000026,0.001150,0.082986,0.009820,0.903940
img_02285.jpg,0.873959,0.000191,0.000439,0.000516,0.078039,0.033937,0.010177,0.002742
img_02291.jpg,0.992534,0.000202,0.000060,0.000019,0.004692,0.000294,0.000106,0.002094
img_02299.jpg,0.755617,0.174191,0.001318,0.005378,0.001734,0.003419,0.000343,0.058001
img_02305.jpg,0.004190,0.111722,0.002517,0.117347,0.000348,0.740823,0.005425,0.017627
img_02307.jpg,0.888742,0.012203,0.000465,0.000129,0.002014,0.035724,0.002066,0.058657
img_02309.jpg,0.998173,0.000160,0.000011,0.000005,0.000427,0.000533,0.000249,0.000441
img_02318.jpg,0.070215,0.069540,0.027224,0.002984,0.143280,0.125414,0.023155,0.538188
img_02347.jpg,0.857408,0.006707,0.000899,0.000686,0.067468,0.001598,0.003454,0.061780
img_02356.jpg,0.128976,0.029465,0.019294,0.070047,0.071430,0.038676,0.027184,0.614927
img_02367.jpg,0.972560,0.006721,0.000198,0.000350,0.016808,0.000227,0.000467,0.002668
img_02372.jpg,0.000109,0.000021,0.000003,0.000001,0.999744,0.000004,0.000000,0.000118
img_02379.jpg,0.960560,0.002603,0.003197,0.000593,0.003711,0.011834,0.000988,0.016513
img_02384.jpg,0.072561,0.011800,0.001154,0.000513,0.002444,0.029249,0.114330,0.767951
img_02398.jpg,0.530340,0.018958,0.296848,0.017181,0.020665,0.070543,0.007679,0.037787
img_02400.jpg,0.921747,0.003413,0.056814,0.000373,0.010261,0.003764,0.000251,0.003376
img_02406.jpg,0.040295,0.000833,0.002690,0.687324,0.000369,0.265389,0.000198,0.002902
img_02412.jpg,0.699280,0.092360,0.001440,0.000381,0.002671,0.110770,0.005296,0.087802
img_02416.jpg,0.440673,0.104102,0.002736,0.000169,0.148828,0.009376,0.000180,0.293937
img_02422.jpg,0.538542,0.100664,0.008469,0.001584,0.017136,0.098423,0.136929,0.098254
img_02479.jpg,0.010266,0.000242,0.005313,0.003239,0.978189,0.000753,0.001085,0.000913
img_02486.jpg,0.582776,0.013903,0.005935,0.000456,0.002173,0.002263,0.000385,0.392108
img_02487.jpg,0.996726,0.000361,0.000037,0.000008,0.000611,0.000027,0.000192,0.002039
img_02507.jpg,0.494272,0.011217,0.018835,0.000232,0.212515,0.243347,0.000164,0.019418
img_02522.jpg,0.933259,0.009906,0.003252,0.000391,0.019326,0.002266,0.029183,0.002417
img_02540.jpg,0.581243,0.009988,0.004572,0.000186,0.203663,0.188232,0.000232,0.011885
img_02546.jpg,0.417539,0.046323,0.021794,0.018088,0.240601,0.006081,0.002839,0.246735
img_02556.jpg,0.017384,0.004976,0.000018,0.000025,0.000025,0.000949,0.000016,0.976608
img_02560.jpg,0.010337,0.007417,0.000002,0.000000,0.982234,0.000007,0.000003,0.000000
img_02563.jpg,0.000009,0.000004,0.000001,0.000000,0.999971,0.000002,0.000000,0.000013
img_02565.jpg,0.820896,0.011796,0.000268,0.000097,0.000439,0.097032,0.010856,0.058616
img_02573.jpg,0.433408,0.150915,0.002446,0.000169,0.167162,0.004861,0.000206,0.240833
img_02574.jpg,0.311567,0.255554,0.000832,0.000439,0.090949,0.004759,0.012223,0.323677
img_02602.jpg,0.579561,0.061805,0.003540,0.001089,0.298093,0.006408,0.000380,0.049124
img_02607.jpg,0.502775,0.029826,0.006324,0.001127,0.309412,0.008069,0.001609,0.140858
img_02622.jpg,0.485998,0.056807,0.006175,0.001308,0.009295,0.122337,0.248738,0.069343
img_02625.jpg,0.341813,0.003123,0.000488,0.000248,0.013213,0.472386,0.156638,0.012091
img_02636.jpg,0.511263,0.053293,0.002589,0.000136,0.031716,0.014556,0.001363,0.385084
img_02638.jpg,0.989683,0.009380,0.000182,0.000009,0.000468,0.000052,0.000001,0.000224
img_02641.jpg,0.981668,0.000579,0.003085,0.000137,0.002487,0.008082,0.000040,0.003922
img_02646.jpg,0.034529,0.050273,0.005661,0.000729,0.016647,0.010588,0.000459,0.881114
img_02648.jpg,0.007021,0.011974,0.189688,0.025280,0.004403,0.139784,0.002200,0.619651
img_02651.jpg,0.797473,0.042206,0.092338,0.000023,0.061441,0.000050,0.000068,0.006401
img_02656.jpg,0.933685,0.012056,0.000364,0.002813,0.000807,0.010649,0.009240,0.030387
img_02666.jpg,0.982457,0.000672,0.000123,0.000043,0.012122,0.000482,0.000093,0.004008
img_02679.jpg,0.044602,0.938615,0.001600,0.000061,0.009639,0.000419,0.000355,0.004710
img_02687.jpg,0.084449,0.043643,0.010641,0.001323,0.083179,0.096904,0.033763,0.646097
img_02699.jpg,0.749447,0.003106,0.002600,0.001391,0.118291,0.049259,0.040758,0.035148
img_02702.jpg,0.976305,0.001459,0.000071,0.000059,0.007553,0.000174,0.001023,0.013356
img_02703.jpg,0.224430,0.034076,0.020016,0.004003,0.209886,0.024669,0.013481,0.469438
img_02709.jpg,0.763889,0.013337,0.119589,0.029304,0.049934,0.010426,0.001298,0.012222
img_02726.jpg,0.799763,0.002556,0.001870,0.000073,0.158758,0.033981,0.000066,0.002933
img_02733.jpg,0.462852,0.005419,0.065763,0.125286,0.065117,0.260829,0.002384,0.012351
img_02734.jpg,0.808177,0.008156,0.005138,0.001090,0.023101,0.130770,0.001646,0.021921
img_02739.jpg,0.996277,0.000225,0.000016,0.000008,0.000770,0.001435,0.000167,0.001101
img_02749.jpg,0.735336,0.002236,0.005316,0.142900,0.021229,0.063270,0.000285,0.029427
img_02759.jpg,0.076165,0.030944,0.051847,0.005728,0.004229,0.005270,0.000129,0.825688
img_02764.jpg,0.903819,0.000185,0.000033,0.000040,0.095638,0.000112,0.000070,0.000102
img_02766.jpg,0.996748,0.000198,0.000070,0.000007,0.002593,0.000028,0.000014,0.000341
img_02769.jpg,0.056401,0.028366,0.031306,0.002769,0.003838,0.003841,0.000089,0.873389
img_02771.jpg,0.947195,0.016869,0.000445,0.000943,0.000147,0.013412,0.014353,0.006635
img_02789.jpg,0.119819,0.002431,0.061070,0.000215,0.349941,0.002043,0.445751,0.018730
img_02799.jpg,0.980421,0.006096,0.000175,0.000037,0.005136,0.006205,0.000207,0.001723
img_02808.jpg,0.801935,0.032533,0.131254,0.005158,0.004704,0.018996,0.000174,0.005245
img_02811.jpg,0.864496,0.000827,0.001015,0.001181,0.004569,0.127344,0.000127,0.000441
img_02830.jpg,0.108066,0.088962,0.010522,0.003851,0.002253,0.208781,0.027096,0.550468
img_02834.jpg,0.051020,0.003513,0.000031,0.000014,0.000045,0.000962,0.000354,0.944061
img_02837.jpg,0.428947,0.178036,0.004602,0.016481,0.016221,0.027460,0.076883,0.251370
img_02838.jpg,0.866114,0.050198,0.026974,0.000593,0.006088,0.020887,0.000367,0.028777
img_02842.jpg,0.076706,0.001088,0.000261,0.000147,0.003833,0.834911,0.079933,0.003120
img_02857.jpg,0.429856,0.419931,0.001005,0.001948,0.037839,0.001544,0.024289,0.083587
img_02865.jpg,0.001685,0.033588,0.012957,0.000977,0.785395,0.010798,0.035870,0.118729
img_02871.jpg,0.039621,0.082835,0.004504,0.003323,0.000542,0.267227,0.004857,0.597091
img_02876.jpg,0.307063,0.041113,0.015423,0.000267,0.026289,0.006797,0.008359,0.594689
img_02889.jpg,0.722851,0.028019,0.144235,0.023076,0.053161,0.009763,0.002929,0.015967
img_02890.jpg,0.141041,0.002368,0.004332,0.001546,0.001411,0.843844,0.001687,0.003770
img_02899.jpg,0.532773,0.001440,0.005601,0.002866,0.000877,0.453655,0.001152,0.001637
img_02904.jpg,0.971895,0.005059,0.000985,0.000170,0.008270,0.003545,0.000048,0.010029
img_02911.jpg,0.051379,0.088239,0.025158,0.223621,0.035288,0.097823,0.007779,0.470714
img_02916.jpg,0.958867,0.011289,0.006989,0.000216,0.002841,0.008338,0.000432,0.011028
img_02920.jpg,0.975295,0.004876,0.000404,0.000257,0.000504,0.014422,0.003523,0.000719
img_02943.jpg,0.712030,0.013053,0.008725,0.005175,0.001231,0.218645,0.000922,0.040220
img_02949.jpg,0.790246,0.000873,0.016051,0.002527,0.001969,0.186083,0.000081,0.002170
img_02954.jpg,0.046615,0.036800,0.203587,0.000477,0.441478,0.088006,0.037683,0.145353
img_02956.jpg,0.957489,0.001493,0.000059,0.000017,0.009119,0.005475,0.000052,0.026294
img_02964.jpg,0.003704,0.205581,0.027272,0.000127,0.003424,0.000762,0.000480,0.758650
img_02974.jpg,0.985818,0.000172,0.000138,0.000021,0.001407,0.000111,0.011860,0.000474
img_02977.jpg,0.079926,0.901044,0.000455,0.000205,0.008465,0.000435,0.002719,0.006751
img_02993.jpg,0.004929,0.006182,0.013265,0.000151,0.000629,0.001510,0.000054,0.973280
img_03014.jpg,0.003314,0.006483,0.001286,0.000073,0.932504,0.000131,0.000170,0.056039
img_03043.jpg,0.042535,0.019630,0.160118,0.007719,0.018111,0.026374,0.003951,0.721561
img_03055.jpg,0.995966,0.000580,0.000061,0.000195,0.000022,0.003096,0.000021,0.000059
img_03064.jpg,0.612691,0.065281,0.001048,0.000233,0.002058,0.091617,0.211947,0.015124
img_03069.jpg,0.078473,0.166724,0.005996,0.009780,0.002737,0.260452,0.046052,0.429787
img_03074.jpg,0.986608,0.009068,0.000050,0.000016,0.000195,0.003254,0.000018,0.000791
img_03078.jpg,0.569270,0.278662,0.006482,0.000318,0.000953,0.131545,0.001764,0.011005
img_03080.jpg,0.991553,0.000018,0.000152,0.000063,0.005584,0.000435,0.002023,0.000174
img_03082.jpg,0.322010,0.079139,0.012779,0.006517,0.007619,0.138033,0.367911,0.065992
img_03087.jpg,0.094108,0.021133,0.002271,0.001433,0.512556,0.310336,0.041154,0.017010
img_03116.jpg,0.003086,0.003535,0.001070,0.000091,0.790640,0.000049,0.000044,0.201486
img_03128.jpg,0.715687,0.009227,0.000014,0.000009,0.000018,0.000385,0.000015,0.274645
img_03135.jpg,0.031089,0.006740,0.000048,0.000063,0.000096,0.001897,0.000083,0.959983
img_03140.jpg,0.403881,0.085395,0.005104,0.001280,0.425799,0.007933,0.000513,0.070095
img_03166.jpg,0.649741,0.142139,0.000993,0.001795,0.011702,0.042484,0.011605,0.139541
img_03169.jpg,0.000410,0.185953,0.641025,0.000309,0.001555,0.002155,0.000219,0.168374
img_03181.jpg,0.308869,0.017768,0.001015,0.000050,0.095967,0.547392,0.000058,0.028883
img_03195.jpg,0.876232,0.047650,0.000287,0.000230,0.001875,0.002954,0.000573,0.070199
img_03199.jpg,0.996110,0.000292,0.000045,0.000008,0.000054,0.000233,0.000245,0.003012
img_03210.jpg,0.019430,0.070159,0.085594,0.003915,0.101660,0.005351,0.001526,0.712365
img_03220.jpg,0.842713,0.004240,0.001579,0.001064,0.018400,0.076985,0.040522,0.014497
img_03222.jpg,0.871860,0.002080,0.000260,0.000084,0.004288,0.120680,0.000276,0.000472
img_03223.jpg,0.230661,0.133438,0.005177,0.113728,0.014383,0.047855,0.240005,0.214753
img_03228.jpg,0.882796,0.003612,0.000575,0.000505,0.000961,0.002045,0.000013,0.109494
img_03229.jpg,0.409910,0.090723,0.000915,0.000216,0.001149,0.113967,0.357907,0.025213
img_03231.jpg,0.826863,0.018993,0.061202,0.003273,0.009012,0.011139,0.000916,0.068601
img_03238.jpg,0.542335,0.088961,0.002697,0.000868,0.008415,0.196840,0.055880,0.104004
img_03239.jpg,0.000688,0.000989,0.000065,0.000050,0.000093,0.001384,0.996495,0.000236
img_03252.jpg,0.995142,0.000100,0.000006,0.000003,0.004018,0.000003,0.000004,0.000723
img_03254.jpg,0.086287,0.002801,0.000350,0.000205,0.002463,0.815557,0.064759,0.027577
img_03260.jpg,0.959935,0.001167,0.002693,0.000745,0.008963,0.021701,0.000462,0.004334
img_03261.jpg,0.899412,0.010079,0.023901,0.001463,0.003483,0.001689,0.000273,0.059700
img_03270.jpg,0.337447,0.082755,0.015605,0.003901,0.083797,0.014038,0.025976,0.436480
img_03283.jpg,0.104120,0.108229,0.001512,0.004473,0.003402,0.015870,0.030292,0.732101
img_03290.jpg,0.473672,0.025546,0.006647,0.000950,0.003310,0.055118,0.008284,0.426473
img_03297.jpg,0.939038,0.007492,0.012037,0.000855,0.003809,0.030248,0.000203,0.006317
img_03310.jpg,0.793794,0.001196,0.000865,0.001168,0.006126,0.105238,0.038212,0.053400
img_03312.jpg,0.846499,0.102923,0.000099,0.000016,0.000067,0.000760,0.000326,0.049309
img_03324.jpg,0.163390,0.006150,0.001587,0.000552,0.325558,0.000178,0.000020,0.502565
img_03333.jpg,0.962929,0.001070,0.000309,0.000040,0.001469,0.016676,0.015293,0.002215
img_03342.jpg,0.715192,0.017324,0.000121,0.000029,0.000040,0.209901,0.001045,0.056349
img_03346.jpg,0.205222,0.013500,0.003291,0.000292,0.007599,0.745197,0.000038,0.024862
img_03355.jpg,0.360672,0.051006,0.001648,0.000276,0.003374,0.013873,0.065871,0.503280
img_03361.jpg,0.001797,0.996616,0.000308,0.000004,0.000588,0.000095,0.000009,0.000582
img_03370.jpg,0.660832,0.014470,0.001144,0.000208,0.003497,0.011651,0.007658,0.300542
img_03399.jpg,0.891854,0.002363,0.000489,0.000370,0.003441,0.100049,0.000242,0.001192
img_03410.jpg,0.651685,0.001063,0.001369,0.000176,0.316693,0.001280,0.000147,0.027587
img_03422.jpg,0.662350,0.071068,0.241737,0.004491,0.004187,0.011824,0.000145,0.004198
img_03426.jpg,0.883722,0.000949,0.001112,0.000457,0.008073,0.034789,0.035323,0.035574
img_03439.jpg,0.604874,0.001753,0.006535,0.217182,0.017332,0.123996,0.000650,0.027678
img_03440.jpg,0.010627,0.036593,0.090417,0.000350,0.043715,0.000318,0.000135,0.817845
img_03444.jpg,0.836675,0.119323,0.000493,0.000237,0.002938,0.010393,0.000223,0.029718
img_03445.jpg,0.260705,0.000027,0.000099,0.000008,0.738863,0.000007,0.000135,0.000156
img_03446.jpg,0.000523,0.175684,0.542190,0.000170,0.004620,0.000677,0.000296,0.275839
img_03452.jpg,0.066299,0.897668,0.003111,0.000031,0.016137,0.000227,0.000095,0.016430
img_03454.jpg,0.908573,0.000245,0.000261,0.000184,0.083369,0.005308,0.000714,0.001346
img_03456.jpg,0.024942,0.002598,0.000491,0.000030,0.945608,0.000118,0.000074,0.026139
img_03457.jpg,0.988239,0.001098,0.001714,0.000103,0.002662,0.001942,0.000045,0.004197
img_03471.jpg,0.295392,0.002980,0.003737,0.657760,0.010145,0.019315,0.001916,0.008755
img_03475.jpg,0.198786,0.000111,0.001329,0.000212,0.790037,0.002245,0.001102,0.006176
img_03488.jpg,0.933422,0.010072,0.000053,0.000078,0.000055,0.054211,0.000163,0.001946
img_03490.jpg,0.516457,0.099047,0.003725,0.000249,0.115037,0.013192,0.000185,0.252107
img_03502.jpg,0.233239,0.072269,0.004830,0.000917,0.004880,0.528465,0.011084,0.144316
img_03504.jpg,0.252274,0.067972,0.003771,0.000122,0.194900,0.440840,0.000171,0.039951
img_03520.jpg,0.971023,0.005739,0.007588,0.000270,0.003427,0.003960,0.000120,0.007874
img_03527.jpg,0.002583,0.274179,0.280516,0.000215,0.003239,0.001076,0.000440,0.437751
img_03547.jpg,0.977509,0.020966,0.000178,0.000135,0.000106,0.000793,0.000101,0.000212
img_03548.jpg,0.746433,0.034535,0.000452,0.000233,0.000392,0.094039,0.009594,0.114321
img_03554.jpg,0.988741,0.002545,0.000093,0.000024,0.003892,0.003445,0.000183,0.001076
img_03563.jpg,0.302925,0.059078,0.012345,0.007201,0.006490,0.290928,0.179911,0.141121
img_03581.jpg,0.656314,0.002659,0.006211,0.155164,0.022184,0.125069,0.000976,0.031424
img_03584.jpg,0.023789,0.020937,0.288117,0.000772,0.073659,0.002826,0.010096,0.579804
img_03587.jpg,0.001754,0.000634,0.000032,0.000035,0.000055,0.000097,0.000052,0.997341
img_03588.jpg,0.099856,0.004377,0.001342,0.000865,0.054990,0.760441,0.058329,0.019800
img_03602.jpg,0.058894,0.001174,0.000283,0.000164,0.004685,0.866903,0.064281,0.003615
img_03627.jpg,0.996443,0.000248,0.000014,0.000004,0.002514,0.000055,0.000015,0.000708
img_03628.jpg,0.956622,0.001411,0.007661,0.000279,0.016617,0.014512,0.000666,0.002232
img_03652.jpg,0.859354,0.000112,0.000026,0.000035,0.139872,0.000405,0.000132,0.000063
img_03670.jpg,0.934169,0.000077,0.000262,0.000157,0.058922,0.003571,0.000602,0.002240
img_03674.jpg,0.235397,0.028985,0.016124,0.009175,0.464906,0.017792,0.000629,0.226992
img_03677.jpg,0.997949,0.001261,0.000011,0.000002,0.000007,0.000072,0.000045,0.000654
img_03711.jpg,0.930911,0.002337,0.001318,0.000080,0.000168,0.000365,0.000101,0.064720
img_03715.jpg,0.221474,0.001836,0.002007,0.743727,0.010503,0.018272,0.001438,0.000743
img_03718.jpg,0.897207,0.001326,0.001896,0.002866,0.006124,0.089373,0.000291,0.000917
img_03726.jpg,0.001576,0.104577,0.001807,0.098423,0.000259,0.756596,0.003344,0.033417
img_03739.jpg,0.000533,0.003406,0.000689,0.000663,0.000249,0.001098,0.015365,0.977999
img_03749.jpg,0.279947,0.014377,0.003765,0.000886,0.015676,0.363109,0.032467,0.289774
img_03750.jpg,0.176341,0.101671,0.001319,0.000594,0.002977,0.097921,0.361220,0.257959
img_03760.jpg,0.304893,0.046409,0.000860,0.000408,0.002127,0.215170,0.031641,0.398491
img_03764.jpg,0.835057,0.053090,0.000186,0.000031,0.000848,0.006154,0.000121,0.104512
