image,ALB,BET,DOL,LAG,NoF,OTHER,SHARK,YFT
image_00001.jpg,0.017910,0.006964,0.002139,0.000979,0.022999,0.111587,0.764425,0.072997
image_00002.jpg,0.012916,0.002336,0.000377,0.000095,0.935011,0.000074,0.000000,0.049191
image_00003.jpg,0.418404,0.082362,0.027756,0.002114,0.162437,0.211819,0.003462,0.091647
image_00004.jpg,0.985085,0.000147,0.000051,0.000059,0.004641,0.005899,0.000069,0.004049
image_00005.jpg,0.965890,0.000118,0.000043,0.000010,0.033312,0.000621,0.000000,0.000006
image_00006.jpg,0.910694,0.036879,0.000568,0.000168,0.010717,0.038339,0.000434,0.002200
image_00007.jpg,0.400260,0.204380,0.002649,0.000609,0.182144,0.022645,0.000484,0.186829
image_00008.jpg,0.013270,0.001815,0.000579,0.003397,0.005821,0.002778,0.680854,0.291486
image_00009.jpg,0.999404,0.000000,0.000000,0.000000,0.000493,0.000000,0.000000,0.000102
image_00010.jpg,0.000978,0.012141,0.000137,0.002200,0.000005,0.947874,0.034584,0.002081
image_00011.jpg,0.054014,0.004047,0.002484,0.018905,0.001299,0.013660,0.126569,0.779022
image_00012.jpg,0.162617,0.037516,0.004491,0.033329,0.001374,0.065314,0.668909,0.026451
image_00013.jpg,0.003961,0.000205,0.001655,0.000864,0.000178,0.001419,0.004197,0.987520
image_00014.jpg,0.721159,0.010809,0.000207,0.001569,0.027371,0.000625,0.001899,0.236361
image_00015.jpg,0.001205,0.001910,0.004709,0.001515,0.458208,0.055045,0.254752,0.222656
image_00016.jpg,0.999754,0.000017,0.000000,0.000000,0.000126,0.000000,0.000000,0.000103
image_00017.jpg,0.000000,0.000039,0.000000,0.000000,0.000000,0.969753,0.028901,0.001306
image_00018.jpg,0.991435,0.000451,0.000278,0.001098,0.000905,0.001689,0.003199,0.000946
image_00019.jpg,0.405066,0.000002,0.000050,0.000303,0.000109,0.591798,0.002520,0.000152
image_00020.jpg,0.251789,0.001039,0.001859,0.001284,0.049840,0.054595,0.635271,0.004324
image_00021.jpg,0.896980,0.000030,0.002593,0.076455,0.000729,0.016949,0.000003,0.006260
image_00022.jpg,0.005807,0.000127,0.000000,0.000000,0.994025,0.000000,0.000000,0.000041
image_00023.jpg,0.997063,0.000144,0.000002,0.000000,0.002451,0.000001,0.000000,0.000339
image_00024.jpg,0.670736,0.000743,0.000242,0.000491,0.283490,0.000201,0.000213,0.043884
image_00025.jpg,0.804687,0.000562,0.015670,0.000342,0.000326,0.014667,0.000149,0.163597
image_00026.jpg,0.996659,0.000035,0.000024,0.000004,0.001372,0.000000,0.000000,0.001906
image_00027.jpg,0.923829,0.000028,0.000162,0.000105,0.071462,0.003408,0.000060,0.000946
image_00028.jpg,0.089119,0.008594,0.007726,0.003022,0.336217,0.073039,0.459066,0.023217
image_00029.jpg,0.885211,0.000019,0.000009,0.000008,0.001711,0.000000,0.000000,0.113042
image_00030.jpg,0.084719,0.000024,0.000049,0.000615,0.000243,0.001251,0.912556,0.000543
image_00031.jpg,0.671523,0.005050,0.000193,0.000835,0.310269,0.000203,0.009731,0.002196
image_00032.jpg,0.172720,0.000001,0.000002,0.000007,0.827252,0.000001,0.000000,0.000016
image_00033.jpg,0.347973,0.018486,0.002003,0.000427,0.032632,0.591104,0.000519,0.006856
image_00034.jpg,0.521148,0.004238,0.001760,0.000477,0.302000,0.002764,0.000073,0.167540
image_00035.jpg,0.000242,0.000591,0.000302,0.060571,0.000790,0.000193,0.005836,0.931476
image_00036.jpg,0.004406,0.001229,0.000154,0.021662,0.000270,0.003541,0.967289,0.001449
image_00037.jpg,0.135199,0.000992,0.402235,0.010909,0.099702,0.045133,0.292309,0.013521
image_00038.jpg,0.128489,0.029052,0.000056,0.000013,0.816007,0.000001,0.000008,0.026374
image_00039.jpg,0.026154,0.000004,0.000001,0.000000,0.973761,0.000000,0.000000,0.000080
image_00040.jpg,0.050554,0.008235,0.000340,0.031387,0.002489,0.065628,0.830743,0.010623
image_00041.jpg,0.205048,0.005823,0.011120,0.002276,0.046973,0.546474,0.178574,0.003713
image_00042.jpg,0.000013,0.001229,0.000000,0.000017,0.000001,0.173799,0.824851,0.000090
image_00043.jpg,0.993658,0.000054,0.000000,0.000000,0.000094,0.000000,0.000000,0.006194
image_00044.jpg,0.179962,0.025667,0.004202,0.000086,0.755159,0.011033,0.000004,0.023887
image_00045.jpg,0.012469,0.000081,0.001100,0.000074,0.009219,0.974188,0.002621,0.000247
image_00046.jpg,0.120892,0.001136,0.000018,0.000005,0.877050,0.000008,0.000000,0.000891
image_00047.jpg,0.979033,0.006085,0.000003,0.000001,0.011320,0.000008,0.000003,0.003547
image_00048.jpg,0.000105,0.001420,0.001255,0.001362,0.001069,0.868452,0.000503,0.125833
image_00049.jpg,0.000000,0.000401,0.000000,0.000000,0.999540,0.000000,0.000000,0.000059
image_00050.jpg,0.003261,0.000462,0.000702,0.000054,0.782723,0.048562,0.000132,0.164104
image_00051.jpg,0.001584,0.000043,0.094957,0.000290,0.000143,0.227392,0.028295,0.647296
image_00052.jpg,0.000006,0.002488,0.000183,0.000014,0.000000,0.054601,0.000243,0.942464
image_00053.jpg,0.991655,0.000004,0.000005,0.000038,0.001724,0.006144,0.000006,0.000424
image_00054.jpg,0.002649,0.004829,0.000261,0.664574,0.001653,0.000320,0.212167,0.113547
image_00055.jpg,0.000647,0.000033,0.000131,0.008268,0.000021,0.228118,0.762555,0.000228
image_00056.jpg,0.000001,0.000000,0.000000,0.000026,0.000000,0.000132,0.999839,0.000000
image_00057.jpg,0.000006,0.043229,0.000014,0.000055,0.000001,0.048559,0.907610,0.000527
image_00058.jpg,0.990315,0.001174,0.000002,0.000010,0.004169,0.000000,0.000000,0.004330
image_00059.jpg,0.000033,0.108323,0.000208,0.002061,0.000008,0.484444,0.400356,0.004567
image_00060.jpg,0.000000,0.000024,0.000000,0.000004,0.000000,0.998252,0.001720,0.000000
image_00061.jpg,0.303903,0.012084,0.015964,0.002417,0.615345,0.028014,0.000165,0.022108
image_00062.jpg,0.000181,0.002328,0.022192,0.000714,0.001469,0.359017,0.480094,0.134005
image_00063.jpg,0.618352,0.001846,0.000166,0.001156,0.331321,0.000086,0.001028,0.046047
image_00064.jpg,0.122246,0.000003,0.000001,0.000000,0.877416,0.000001,0.000000,0.000333
image_00065.jpg,0.000755,0.009007,0.000138,0.000499,0.000131,0.003632,0.965496,0.020342
image_00066.jpg,0.923986,0.000039,0.000233,0.000223,0.001096,0.068805,0.005542,0.000077
image_00067.jpg,0.743762,0.203683,0.000086,0.000010,0.000287,0.049613,0.000014,0.002545
image_00068.jpg,0.023875,0.047991,0.001070,0.000005,0.909072,0.000002,0.000000,0.017985
image_00069.jpg,0.134904,0.000204,0.000071,0.000103,0.571295,0.000014,0.000000,0.293409
image_00070.jpg,0.434885,0.436858,0.045687,0.000433,0.017943,0.027190,0.008384,0.028620
image_00071.jpg,0.990894,0.006144,0.000224,0.000021,0.000215,0.000260,0.000026,0.002216
image_00072.jpg,0.272627,0.001574,0.000407,0.000397,0.675518,0.004839,0.001940,0.042698
image_00073.jpg,0.985216,0.000279,0.000011,0.000000,0.012792,0.000000,0.000000,0.001702
image_00074.jpg,0.139375,0.009330,0.843220,0.002820,0.002827,0.000050,0.000018,0.002361
image_00075.jpg,0.039830,0.000403,0.003922,0.000935,0.000154,0.013884,0.940805,0.000068
image_00076.jpg,0.022108,0.000075,0.000692,0.000326,0.006715,0.015788,0.953749,0.000548
image_00077.jpg,0.006148,0.011634,0.018739,0.000449,0.001171,0.330617,0.001293,0.629950
image_00078.jpg,0.000097,0.041074,0.000003,0.000012,0.000005,0.002745,0.955628,0.000435
image_00079.jpg,0.467875,0.007790,0.005140,0.000934,0.482023,0.005093,0.000011,0.031134
image_00080.jpg,0.289570,0.000038,0.024563,0.002106,0.001520,0.647600,0.000781,0.033820
image_00081.jpg,0.174899,0.012556,0.000180,0.000073,0.018198,0.000089,0.000016,0.793989
image_00082.jpg,0.002965,0.016071,0.000146,0.000060,0.868491,0.000010,0.000759,0.111498
image_00083.jpg,0.083468,0.193441,0.002617,0.000434,0.529550,0.001898,0.005489,0.183103
image_00084.jpg,0.549190,0.000510,0.006475,0.005302,0.135351,0.272725,0.030417,0.000028
image_00085.jpg,0.054058,0.156296,0.000015,0.000586,0.314398,0.000014,0.000016,0.474617
image_00086.jpg,0.000811,0.001219,0.000241,0.000150,0.000076,0.364697,0.509973,0.122833
image_00087.jpg,0.104396,0.076487,0.002756,0.000515,0.004231,0.000532,0.000058,0.811026
image_00088.jpg,0.956922,0.007207,0.000306,0.000204,0.003643,0.005913,0.000365,0.025439
image_00089.jpg,0.000017,0.000005,0.000002,0.000008,0.000001,0.000831,0.999130,0.000006
image_00090.jpg,0.006757,0.041883,0.001788,0.000208,0.877675,0.000257,0.042484,0.028947
image_00091.jpg,0.997915,0.001572,0.000126,0.000007,0.000356,0.000011,0.000007,0.000006
image_00092.jpg,0.000418,0.000010,0.000000,0.000005,0.999192,0.000154,0.000220,0.000001
image_00093.jpg,0.000087,0.000296,0.000024,0.001101,0.000349,0.001556,0.968110,0.028478
image_00094.jpg,0.796703,0.000040,0.000104,0.000053,0.000030,0.202052,0.000002,0.001016
image_00095.jpg,0.855964,0.000051,0.000144,0.000145,0.007930,0.133689,0.001816,0.000260
image_00096.jpg,0.000188,0.000111,0.000153,0.000808,0.000087,0.000376,0.985802,0.012475
image_00097.jpg,0.033783,0.125144,0.000558,0.000266,0.689242,0.000923,0.007068,0.143016
image_00098.jpg,0.058085,0.004800,0.005718,0.001332,0.495939,0.015461,0.361977,0.056687
image_00099.jpg,0.027336,0.076974,0.000318,0.000128,0.000835,0.003382,0.002614,0.888414
image_00100.jpg,0.000492,0.000054,0.000053,0.000149,0.000148,0.001599,0.997414,0.000092
image_00101.jpg,0.760501,0.000020,0.000719,0.000269,0.022126,0.049705,0.162421,0.004238
image_00102.jpg,0.398668,0.012597,0.002275,0.000443,0.166741,0.037717,0.000157,0.381401
image_00103.jpg,0.337232,0.003166,0.000410,0.002853,0.005824,0.000086,0.003412,0.647016
image_00104.jpg,0.003980,0.000154,0.000041,0.000007,0.990051,0.000001,0.000000,0.005767
image_00105.jpg,0.001272,0.299801,0.000062,0.000223,0.000027,0.007466,0.689914,0.001235
image_00106.jpg,0.000113,0.945042,0.000163,0.000027,0.000116,0.001322,0.049522,0.003694
image_00107.jpg,0.000007,0.000055,0.000020,0.000008,0.000001,0.990172,0.009269,0.000469
image_00108.jpg,0.577037,0.000410,0.000325,0.004189,0.129616,0.166868,0.121363,0.000193
image_00109.jpg,0.000207,0.000004,0.000000,0.000000,0.999780,0.000000,0.000000,0.000009
image_00110.jpg,0.306404,0.055738,0.012958,0.001819,0.526812,0.066242,0.016142,0.013885
image_00111.jpg,0.000734,0.000116,0.000336,0.000161,0.000095,0.073551,0.924921,0.000086
image_00112.jpg,0.900774,0.000002,0.000077,0.000073,0.000462,0.098411,0.000070,0.000131
image_00113.jpg,0.001752,0.000373,0.672450,0.000300,0.000148,0.284388,0.003482,0.037107
image_00114.jpg,0.016636,0.001146,0.023477,0.000096,0.000276,0.916253,0.008233,0.033884
image_00115.jpg,0.931341,0.000138,0.000007,0.000042,0.001150,0.000004,0.000000,0.067317
image_00116.jpg,0.069637,0.000822,0.000695,0.000130,0.000352,0.845239,0.003488,0.079636
image_00117.jpg,0.977582,0.000030,0.000654,0.000171,0.014228,0.002607,0.000000,0.004727
image_00118.jpg,0.961475,0.000025,0.001805,0.000203,0.032781,0.000013,0.002111,0.001586
image_00119.jpg,0.205913,0.000400,0.000708,0.002327,0.000974,0.033925,0.751096,0.004659
image_00120.jpg,0.056593,0.001106,0.000398,0.000297,0.763473,0.144751,0.030866,0.002516
image_00121.jpg,0.000058,0.000012,0.000000,0.000000,0.999835,0.000000,0.000000,0.000095
image_00122.jpg,0.977363,0.015803,0.000040,0.000008,0.000148,0.005534,0.000054,0.001050
image_00123.jpg,0.375299,0.008761,0.001832,0.000088,0.523641,0.000557,0.000000,0.089821
image_00124.jpg,0.261139,0.000007,0.005529,0.000376,0.000034,0.732796,0.000001,0.000118
image_00125.jpg,0.013146,0.041190,0.035950,0.028846,0.471015,0.190519,0.170384,0.048951
image_00126.jpg,0.001409,0.001890,0.000155,0.030030,0.000469,0.015158,0.927776,0.023114
image_00127.jpg,0.000062,0.003119,0.000057,0.001375,0.000035,0.019535,0.973659,0.002158
image_00128.jpg,0.005552,0.000002,0.000696,0.000116,0.000340,0.992007,0.001024,0.000263
image_00129.jpg,0.121030,0.001145,0.000164,0.000012,0.876706,0.000007,0.000000,0.000936
image_00130.jpg,0.003545,0.001787,0.019451,0.005695,0.095473,0.303227,0.526654,0.044170
image_00131.jpg,0.010646,0.001900,0.010646,0.001053,0.007750,0.032670,0.923306,0.012027
image_00132.jpg,0.019446,0.000610,0.000453,0.000145,0.014114,0.736334,0.065011,0.163887
image_00133.jpg,0.646504,0.000413,0.000053,0.000097,0.352202,0.000017,0.000602,0.000111
image_00134.jpg,0.024176,0.006446,0.001436,0.000949,0.071939,0.128941,0.724477,0.041636
image_00135.jpg,0.008058,0.000053,0.000043,0.001755,0.000003,0.988639,0.000490,0.000960
image_00136.jpg,0.800017,0.000338,0.009146,0.138395,0.009300,0.008997,0.021990,0.011817
image_00137.jpg,0.239828,0.003914,0.000010,0.000001,0.746334,0.000000,0.000000,0.009911
image_00138.jpg,0.000111,0.002837,0.000294,0.000014,0.000000,0.937723,0.000230,0.058791
image_00139.jpg,0.046820,0.798039,0.000381,0.000191,0.000110,0.126855,0.003002,0.024601
image_00140.jpg,0.799081,0.028615,0.000055,0.000584,0.001861,0.163318,0.001137,0.005350
image_00141.jpg,0.845122,0.000175,0.003912,0.000015,0.139437,0.000000,0.000000,0.011339
image_00142.jpg,0.409573,0.034961,0.017171,0.004120,0.049214,0.170950,0.093607,0.220406
image_00143.jpg,0.225349,0.005419,0.022354,0.003602,0.039381,0.057404,0.147482,0.499009
image_00144.jpg,0.503151,0.002565,0.000897,0.002498,0.454856,0.025064,0.008009,0.002960
image_00145.jpg,0.000001,0.000020,0.000000,0.000000,0.000000,0.001810,0.998157,0.000012
image_00146.jpg,0.842059,0.000116,0.010245,0.088437,0.003848,0.044732,0.000018,0.010547
image_00147.jpg,0.065810,0.518584,0.000053,0.000041,0.373514,0.000005,0.000015,0.041978
image_00148.jpg,0.004713,0.171731,0.000632,0.000074,0.788902,0.000474,0.000304,0.033171
image_00149.jpg,0.000652,0.000881,0.001935,0.001442,0.000954,0.000864,0.752734,0.240538
image_00150.jpg,0.016068,0.000013,0.000011,0.000150,0.982575,0.000275,0.000884,0.000025
image_00151.jpg,0.172759,0.011609,0.013517,0.001436,0.410378,0.011283,0.188824,0.190194
image_00152.jpg,0.978381,0.001894,0.000030,0.000127,0.001252,0.000514,0.000141,0.017661
image_00153.jpg,0.738625,0.000582,0.000819,0.000120,0.084746,0.046075,0.091291,0.037742
image_00154.jpg,0.000405,0.013973,0.000076,0.000017,0.984222,0.000006,0.000085,0.001216
image_00155.jpg,0.282508,0.060014,0.004740,0.162246,0.062977,0.015187,0.287514,0.124814
image_00156.jpg,0.401095,0.143708,0.000280,0.000247,0.197264,0.000135,0.000016,0.257255
image_00157.jpg,0.000299,0.000125,0.004451,0.000002,0.000000,0.995117,0.000004,0.000002
image_00158.jpg,0.006842,0.002198,0.000007,0.000002,0.983770,0.000000,0.000000,0.007181
image_00159.jpg,0.000001,0.000030,0.001069,0.000004,0.000000,0.928768,0.067545,0.002584
image_00160.jpg,0.958913,0.000036,0.000245,0.000084,0.002116,0.036646,0.001263,0.000696
image_00161.jpg,0.045061,0.001694,0.004515,0.000355,0.877036,0.003438,0.000007,0.067894
image_00162.jpg,0.000210,0.000026,0.027425,0.000216,0.000545,0.967769,0.002121,0.001688
image_00163.jpg,0.804590,0.002915,0.000051,0.001629,0.000121,0.000997,0.003161,0.186538
image_00164.jpg,0.572436,0.013917,0.039931,0.001544,0.214308,0.007457,0.098446,0.051961
image_00165.jpg,0.983013,0.000101,0.000002,0.000018,0.004732,0.000001,0.000000,0.012133
image_00166.jpg,0.028365,0.015450,0.001385,0.000651,0.717494,0.053870,0.165491,0.017292
image_00167.jpg,0.916595,0.000255,0.000336,0.003500,0.016415,0.006322,0.024483,0.032094
image_00168.jpg,0.767011,0.057737,0.002979,0.005992,0.012427,0.020859,0.007448,0.125546
image_00169.jpg,0.022181,0.000206,0.003345,0.002090,0.118207,0.614299,0.239560,0.000112
image_00170.jpg,0.042009,0.004508,0.002694,0.007696,0.003405,0.002402,0.375501,0.561785
image_00171.jpg,0.133645,0.000008,0.000024,0.000001,0.865854,0.000000,0.000000,0.000468
image_00172.jpg,0.434136,0.001228,0.001131,0.000533,0.548971,0.011644,0.000000,0.002357
image_00173.jpg,0.051180,0.207915,0.009301,0.001858,0.471368,0.005667,0.024292,0.228419
image_00174.jpg,0.165659,0.018737,0.001702,0.000862,0.074978,0.003157,0.588167,0.146738
image_00175.jpg,0.795439,0.003994,0.001353,0.000154,0.001331,0.183278,0.013886,0.000565
image_00176.jpg,0.994399,0.002300,0.000118,0.000018,0.000125,0.000138,0.000052,0.002850
image_00177.jpg,0.039261,0.315840,0.002096,0.000265,0.368867,0.000204,0.000350,0.273118
image_00178.jpg,0.000716,0.106182,0.000047,0.000365,0.000188,0.000020,0.029808,0.862675
image_00179.jpg,0.987834,0.000005,0.004511,0.000475,0.000608,0.004463,0.000000,0.002104
image_00180.jpg,0.060091,0.600589,0.001166,0.000044,0.053393,0.000212,0.000431,0.284075
image_00181.jpg,0.000383,0.000339,0.000009,0.000002,0.990290,0.000000,0.000000,0.008976
image_00182.jpg,0.960887,0.000642,0.000087,0.000273,0.003214,0.000187,0.000641,0.034069
image_00183.jpg,0.344786,0.000964,0.376966,0.004642,0.241535,0.002144,0.025745,0.003218
image_00184.jpg,0.047045,0.007856,0.001397,0.001844,0.000090,0.878412,0.042588,0.020768
image_00185.jpg,0.589772,0.000780,0.000066,0.001347,0.304716,0.029095,0.033859,0.040365
image_00186.jpg,0.977300,0.000061,0.000068,0.000019,0.022093,0.000115,0.000000,0.000343
image_00187.jpg,0.006792,0.513127,0.009730,0.000653,0.300360,0.005228,0.017496,0.146614
image_00188.jpg,0.560011,0.004970,0.003480,0.002747,0.124156,0.007026,0.256901,0.040709
image_00189.jpg,0.719618,0.000003,0.132011,0.000408,0.068599,0.078788,0.000141,0.000433
image_00190.jpg,0.890208,0.025425,0.069622,0.000345,0.002880,0.000021,0.011347,0.000152
image_00191.jpg,0.979534,0.001067,0.000175,0.000682,0.004075,0.010919,0.000834,0.002713
image_00192.jpg,0.000106,0.000596,0.000099,0.000942,0.000340,0.000055,0.019141,0.978721
image_00193.jpg,0.321352,0.016282,0.003686,0.002988,0.035288,0.038795,0.544671,0.036937
image_00194.jpg,0.926373,0.001681,0.000003,0.000030,0.000699,0.000011,0.000000,0.071204
image_00195.jpg,0.019850,0.012207,0.001689,0.869592,0.003032,0.001832,0.058732,0.033067
image_00196.jpg,0.697647,0.003514,0.000000,0.000002,0.298487,0.000000,0.000000,0.000350
image_00197.jpg,0.214558,0.012747,0.002841,0.001345,0.011300,0.024743,0.439584,0.292883
image_00198.jpg,0.133484,0.033247,0.159457,0.000358,0.000100,0.667834,0.002867,0.002653
image_00199.jpg,0.018921,0.000974,0.010914,0.001486,0.000298,0.824102,0.142934,0.000372
image_00200.jpg,0.237862,0.022745,0.011274,0.006003,0.010881,0.358527,0.265089,0.087619
image_00201.jpg,0.037927,0.002161,0.002708,0.000734,0.276377,0.032973,0.642154,0.004965
image_00202.jpg,0.015566,0.006884,0.000492,0.000009,0.957218,0.000015,0.000000,0.019815
image_00203.jpg,0.000054,0.002241,0.000169,0.000324,0.000005,0.171540,0.818151,0.007515
image_00204.jpg,0.001710,0.034096,0.000193,0.456674,0.000963,0.003307,0.060197,0.442859
image_00205.jpg,0.449909,0.000622,0.016042,0.005750,0.271808,0.025453,0.228638,0.001777
image_00206.jpg,0.990534,0.000002,0.004354,0.000225,0.001678,0.000387,0.000001,0.002819
image_00207.jpg,0.060772,0.000089,0.008199,0.000750,0.008501,0.345843,0.575402,0.000444
image_00208.jpg,0.976358,0.000247,0.000000,0.000000,0.020713,0.000000,0.000000,0.002682
image_00209.jpg,0.002900,0.000001,0.000000,0.000000,0.997098,0.000000,0.000000,0.000001
image_00210.jpg,0.138337,0.000350,0.000017,0.000037,0.859149,0.000072,0.000004,0.002034
image_00211.jpg,0.405608,0.005313,0.000181,0.000220,0.000195,0.006889,0.006386,0.575208
image_00212.jpg,0.664688,0.004673,0.001371,0.000738,0.026274,0.263608,0.002088,0.036561
image_00213.jpg,0.000000,0.000000,0.000000,0.000000,0.000000,0.002131,0.997869,0.000000
image_00214.jpg,0.000000,0.000010,0.000000,0.000002,0.000000,0.911614,0.088374,0.000000
image_00215.jpg,0.002275,0.001692,0.000200,0.013208,0.000520,0.000400,0.959075,0.022629
image_00216.jpg,0.010131,0.001113,0.000347,0.000064,0.000059,0.684973,0.302809,0.000505
image_00217.jpg,0.966010,0.000638,0.000028,0.000085,0.003619,0.002802,0.026663,0.000154
image_00218.jpg,0.043860,0.006873,0.001556,0.074484,0.011589,0.000361,0.325071,0.536207
image_00219.jpg,0.042869,0.000281,0.001098,0.000246,0.014163,0.034230,0.897756,0.009357
image_00220.jpg,0.500294,0.000280,0.231772,0.002114,0.001672,0.189558,0.000093,0.074217
image_00221.jpg,0.541965,0.044431,0.004092,0.000318,0.304878,0.000217,0.000010,0.104089
image_00222.jpg,0.585095,0.000306,0.002664,0.013089,0.219613,0.087558,0.089043,0.002633
image_00223.jpg,0.000351,0.000040,0.000001,0.000001,0.997463,0.000001,0.000000,0.002144
image_00224.jpg,0.000008,0.000641,0.000000,0.000021,0.000000,0.828898,0.170432,0.000001
image_00225.jpg,0.002833,0.000649,0.000466,0.000336,0.811413,0.044920,0.138738,0.000645
image_00226.jpg,0.216097,0.003232,0.000550,0.000690,0.002798,0.733019,0.025431,0.018183
image_00227.jpg,0.005184,0.001815,0.008717,0.000278,0.003349,0.967258,0.007611,0.005788
image_00228.jpg,0.007098,0.000155,0.000024,0.000035,0.002049,0.002150,0.987489,0.001001
image_00229.jpg,0.938050,0.000013,0.000078,0.000093,0.061629,0.000054,0.000031,0.000053
image_00230.jpg,0.113373,0.000039,0.055325,0.011368,0.014833,0.027234,0.777587,0.000240
image_00231.jpg,0.009736,0.004378,0.011548,0.000022,0.000001,0.964569,0.000012,0.009734
image_00232.jpg,0.027141,0.001141,0.000219,0.001732,0.940215,0.000033,0.000089,0.029431
image_00233.jpg,0.978220,0.000008,0.000080,0.000338,0.000256,0.008502,0.000000,0.012595
image_00234.jpg,0.001360,0.000003,0.000000,0.000000,0.995917,0.000000,0.000000,0.002719
image_00235.jpg,0.067101,0.004715,0.004678,0.000714,0.496900,0.420334,0.000662,0.004896
image_00236.jpg,0.944190,0.053453,0.000062,0.000010,0.000152,0.000036,0.000072,0.002024
image_00237.jpg,0.000040,0.000646,0.000047,0.000776,0.000010,0.000561,0.964168,0.033753
image_00238.jpg,0.064266,0.157512,0.001670,0.005283,0.000806,0.073874,0.033640,0.662948
image_00239.jpg,0.326005,0.003596,0.001019,0.259010,0.026234,0.006082,0.184856,0.193199
image_00240.jpg,0.985776,0.001388,0.002022,0.000069,0.000015,0.000791,0.000000,0.009940
image_00241.jpg,0.033239,0.000023,0.000001,0.000001,0.966637,0.000017,0.000000,0.000083
image_00242.jpg,0.204217,0.069000,0.049928,0.001390,0.075548,0.576730,0.001552,0.021635
image_00243.jpg,0.047443,0.011388,0.060627,0.032636,0.493409,0.008962,0.258275,0.087260
image_00244.jpg,0.101517,0.541944,0.000109,0.000032,0.000093,0.010381,0.345884,0.000041
image_00245.jpg,0.060819,0.001994,0.000387,0.000027,0.932985,0.000001,0.000000,0.003787
image_00246.jpg,0.999213,0.000024,0.000095,0.000001,0.000027,0.000000,0.000000,0.000640
image_00247.jpg,0.006469,0.005549,0.002062,0.007549,0.000782,0.043470,0.759534,0.174584
image_00248.jpg,0.004954,0.006390,0.000014,0.000004,0.006997,0.000000,0.000000,0.981640
image_00249.jpg,0.977025,0.000051,0.000381,0.000096,0.011843,0.000031,0.000000,0.010572
image_00250.jpg,0.000396,0.000271,0.127714,0.000036,0.000018,0.842249,0.000417,0.028899
image_00251.jpg,0.000000,0.000000,0.000000,0.000003,0.000000,0.004780,0.995216,0.000000
image_00252.jpg,0.000292,0.000063,0.000264,0.926542,0.000229,0.001516,0.022016,0.049077
image_00253.jpg,0.441701,0.000833,0.100406,0.005920,0.283677,0.002174,0.162812,0.002478
image_00254.jpg,0.360151,0.238207,0.004035,0.000512,0.022546,0.002623,0.000030,0.371895
image_00255.jpg,0.425045,0.000011,0.000042,0.000056,0.573671,0.001134,0.000014,0.000027
image_00256.jpg,0.013755,0.016236,0.000055,0.000035,0.000015,0.001603,0.968131,0.000168
image_00257.jpg,0.082101,0.005935,0.001039,0.000738,0.639532,0.217346,0.045114,0.008194
image_00258.jpg,0.042774,0.000379,0.000005,0.000001,0.955759,0.000000,0.000000,0.001082
image_00259.jpg,0.993164,0.000000,0.000345,0.000422,0.000377,0.005688,0.000002,0.000002
image_00260.jpg,0.907303,0.008312,0.000417,0.000521,0.007071,0.016440,0.020647,0.039290
image_00261.jpg,0.115880,0.007179,0.039812,0.002376,0.000816,0.043563,0.000007,0.790368
image_00262.jpg,0.000026,0.000000,0.000000,0.000000,0.999973,0.000000,0.000000,0.000001
image_00263.jpg,0.000040,0.005425,0.000448,0.002328,0.000102,0.081613,0.886569,0.023475
image_00264.jpg,0.550673,0.069516,0.065542,0.017729,0.223507,0.034147,0.013359,0.025527
image_00265.jpg,0.807208,0.022165,0.003392,0.001101,0.058046,0.085335,0.000289,0.022464
image_00266.jpg,0.002473,0.004565,0.001208,0.014925,0.000179,0.698681,0.276030,0.001940
image_00267.jpg,0.000362,0.000017,0.000008,0.000005,0.000005,0.140655,0.858946,0.000002
image_00268.jpg,0.080326,0.000207,0.001795,0.000702,0.909820,0.006513,0.000506,0.000131
image_00269.jpg,0.985889,0.000103,0.000183,0.000025,0.000043,0.012598,0.000001,0.001158
image_00270.jpg,0.998470,0.000004,0.000041,0.000011,0.000012,0.001402,0.000000,0.000059
image_00271.jpg,0.421255,0.020320,0.001415,0.002974,0.107599,0.006109,0.002669,0.437660
image_00272.jpg,0.859470,0.103692,0.000458,0.000139,0.027350,0.001836,0.000346,0.006708
image_00273.jpg,0.305868,0.003463,0.507450,0.001212,0.000522,0.050279,0.000283,0.130923
image_00274.jpg,0.827712,0.000005,0.000124,0.000036,0.000004,0.172023,0.000000,0.000096
image_00275.jpg,0.804682,0.000035,0.000208,0.000549,0.189452,0.004800,0.000059,0.000215
image_00276.jpg,0.631624,0.000345,0.000878,0.000194,0.329825,0.006089,0.000263,0.030780
image_00277.jpg,0.000043,0.000006,0.000001,0.000020,0.000003,0.000664,0.999191,0.000071
image_00278.jpg,0.998753,0.000369,0.000174,0.000014,0.000239,0.000117,0.000329,0.000005
image_00279.jpg,0.000036,0.000022,0.997940,0.000021,0.000013,0.001058,0.000003,0.000908
image_00280.jpg,0.035497,0.000154,0.000064,0.000342,0.954931,0.000197,0.008216,0.000599
image_00281.jpg,0.069284,0.010165,0.008794,0.096853,0.098105,0.004944,0.163442,0.548414
image_00282.jpg,0.334245,0.022353,0.001790,0.000033,0.000044,0.638640,0.000010,0.002887
image_00283.jpg,0.895135,0.019184,0.001252,0.000094,0.052593,0.010828,0.000038,0.020876
image_00284.jpg,0.000639,0.000162,0.000015,0.000104,0.000053,0.085128,0.913862,0.000039
image_00285.jpg,0.010380,0.000097,0.007521,0.000221,0.892399,0.073219,0.000030,0.016133
image_00286.jpg,0.163552,0.002176,0.015144,0.002137,0.119813,0.191987,0.503896,0.001295
image_00287.jpg,0.000086,0.000000,0.000000,0.000000,0.999913,0.000000,0.000000,0.000000
image_00288.jpg,0.015457,0.003092,0.000037,0.000082,0.877140,0.002898,0.000534,0.100761
image_00289.jpg,0.005655,0.002295,0.001038,0.782456,0.006837,0.074059,0.118573,0.009086
image_00290.jpg,0.000172,0.000013,0.002424,0.000327,0.000076,0.036459,0.960379,0.000149
image_00291.jpg,0.845783,0.012360,0.016773,0.002997,0.032870,0.029722,0.000040,0.059455
image_00292.jpg,0.994228,0.004515,0.000253,0.000022,0.000716,0.000058,0.000166,0.000042
image_00293.jpg,0.006070,0.000176,0.001622,0.000553,0.000073,0.892173,0.027098,0.072235
image_00294.jpg,0.917267,0.001910,0.000000,0.000001,0.077239,0.000000,0.000000,0.003584
image_00295.jpg,0.001621,0.000001,0.000053,0.960071,0.005950,0.000420,0.031878,0.000006
image_00296.jpg,0.517779,0.000621,0.041803,0.003635,0.129279,0.016695,0.288626,0.001561
image_00297.jpg,0.085800,0.001573,0.002430,0.000902,0.179732,0.016813,0.708476,0.004274
image_00298.jpg,0.923344,0.001437,0.000000,0.000006,0.000678,0.000001,0.000000,0.074534
image_00299.jpg,0.977492,0.000842,0.000104,0.000008,0.015427,0.000001,0.000000,0.006127
image_00300.jpg,0.131959,0.096212,0.147906,0.000531,0.568855,0.005266,0.000007,0.049263
image_00301.jpg,0.048772,0.014176,0.000928,0.000014,0.124285,0.000001,0.000004,0.811820
image_00302.jpg,0.419309,0.000102,0.000025,0.000205,0.000206,0.000121,0.000212,0.579820
image_00303.jpg,0.915604,0.006336,0.000031,0.000014,0.000021,0.067533,0.000105,0.010355
image_00304.jpg,0.000001,0.000002,0.000000,0.000000,0.999989,0.000000,0.000000,0.000009
image_00305.jpg,0.053014,0.000392,0.477479,0.005503,0.022953,0.086271,0.326525,0.027863
image_00306.jpg,0.018524,0.000178,0.004793,0.000465,0.000200,0.218022,0.107267,0.650552
image_00307.jpg,0.023523,0.055048,0.000083,0.000059,0.332642,0.000007,0.000023,0.588615
image_00308.jpg,0.403712,0.026310,0.002518,0.001013,0.030793,0.004495,0.262679,0.268480
image_00309.jpg,0.388789,0.000075,0.000026,0.000056,0.595362,0.014803,0.000012,0.000877
image_00310.jpg,0.008602,0.326106,0.001179,0.000569,0.001003,0.003913,0.610448,0.048180
image_00311.jpg,0.009745,0.010002,0.002469,0.005566,0.015963,0.001000,0.827751,0.127504
image_00312.jpg,0.988479,0.007173,0.000081,0.001379,0.000045,0.002699,0.000001,0.000144
image_00313.jpg,0.001529,0.002967,0.000866,0.600476,0.008096,0.000337,0.005022,0.380707
image_00314.jpg,0.100765,0.003528,0.024398,0.004732,0.002699,0.673343,0.182590,0.007947
image_00315.jpg,0.000001,0.000052,0.000055,0.000005,0.000000,0.354655,0.629216,0.016014
image_00316.jpg,0.000002,0.000306,0.000038,0.000055,0.000014,0.002720,0.996823,0.000043
image_00317.jpg,0.944995,0.000063,0.003400,0.005894,0.004999,0.009499,0.026339,0.004812
image_00318.jpg,0.387843,0.005293,0.001646,0.000809,0.008652,0.410925,0.055610,0.129223
image_00319.jpg,0.000000,0.000000,0.000000,0.000008,0.000000,0.000262,0.999729,0.000000
image_00320.jpg,0.086971,0.005343,0.000052,0.000001,0.901889,0.000000,0.000000,0.005743
image_00321.jpg,0.136889,0.802705,0.007399,0.000422,0.004315,0.021751,0.000043,0.026477
image_00322.jpg,0.999244,0.000125,0.000000,0.000000,0.000476,0.000001,0.000000,0.000154
image_00323.jpg,0.010840,0.007088,0.002784,0.006645,0.000723,0.008967,0.838091,0.124861
image_00324.jpg,0.000031,0.005049,0.000002,0.000002,0.000000,0.994136,0.000120,0.000659
image_00325.jpg,0.002241,0.017184,0.001024,0.000323,0.160132,0.093543,0.712497,0.013056
image_00326.jpg,0.303268,0.039224,0.013842,0.003488,0.062964,0.117033,0.215606,0.244574
image_00327.jpg,0.386084,0.000717,0.021506,0.004120,0.000938,0.329606,0.000480,0.256548
image_00328.jpg,0.006764,0.006072,0.000714,0.012599,0.002192,0.001010,0.044852,0.925797
image_00329.jpg,0.000446,0.000096,0.000001,0.000029,0.978721,0.000323,0.000200,0.020185
image_00330.jpg,0.879352,0.001477,0.002771,0.009063,0.034934,0.052628,0.016015,0.003761
image_00331.jpg,0.851229,0.003725,0.000725,0.000212,0.137949,0.005064,0.000057,0.001039
image_00332.jpg,0.000472,0.000027,0.000025,0.000039,0.000194,0.012992,0.986239,0.000011
image_00333.jpg,0.037259,0.000449,0.000123,0.000010,0.960824,0.000002,0.000001,0.001331
image_00334.jpg,0.897704,0.002700,0.020950,0.000251,0.001023,0.073368,0.000016,0.003988
image_00335.jpg,0.000001,0.000001,0.000001,0.000041,0.000009,0.001311,0.998635,0.000001
image_00336.jpg,0.867983,0.010677,0.000766,0.001598,0.074109,0.030732,0.005393,0.008741
image_00337.jpg,0.501135,0.000010,0.000643,0.000515,0.455568,0.041320,0.000767,0.000041
image_00338.jpg,0.122652,0.072603,0.009184,0.003338,0.327121,0.002334,0.101668,0.361099
image_00339.jpg,0.000951,0.000161,0.000155,0.000063,0.000604,0.008925,0.988498,0.000643
image_00340.jpg,0.369638,0.056455,0.007028,0.001996,0.101589,0.027564,0.179821,0.255908
image_00341.jpg,0.095620,0.059379,0.003887,0.000869,0.571326,0.142610,0.004543,0.121766
image_00342.jpg,0.001753,0.001194,0.000067,0.000019,0.000005,0.027728,0.000625,0.968609
image_00343.jpg,0.000336,0.003300,0.050778,0.000031,0.000000,0.943618,0.000015,0.001921
image_00344.jpg,0.271438,0.000098,0.000109,0.000060,0.722566,0.005517,0.000024,0.000188
image_00345.jpg,0.028564,0.927497,0.003185,0.000078,0.002141,0.024371,0.010271,0.003894
image_00346.jpg,0.025693,0.000290,0.000001,0.000000,0.973966,0.000000,0.000000,0.000051
image_00347.jpg,0.975985,0.005071,0.001840,0.000093,0.001704,0.006211,0.003422,0.005674
image_00348.jpg,0.013774,0.000017,0.000086,0.000200,0.006367,0.136602,0.842894,0.000061
image_00349.jpg,0.938522,0.000484,0.000261,0.000738,0.001764,0.006763,0.017076,0.034392
image_00350.jpg,0.000072,0.000030,0.000000,0.000000,0.000000,0.999898,0.000000,0.000000
image_00351.jpg,0.000451,0.000007,0.000001,0.000002,0.000033,0.000524,0.998973,0.000008
image_00352.jpg,0.001401,0.000185,0.000918,0.000117,0.000448,0.276925,0.308701,0.411305
image_00353.jpg,0.094745,0.000013,0.011418,0.000258,0.000037,0.893469,0.000006,0.000054
image_00354.jpg,0.000000,0.000033,0.000000,0.000001,0.000000,0.000841,0.999121,0.000004
image_00355.jpg,0.358780,0.000234,0.001294,0.506227,0.073559,0.013309,0.019336,0.027263
image_00356.jpg,0.015828,0.000243,0.001002,0.000630,0.071740,0.201046,0.709289,0.000222
image_00357.jpg,0.030670,0.000027,0.008685,0.001421,0.931778,0.002233,0.025159,0.000027
image_00358.jpg,0.326217,0.000012,0.000014,0.000004,0.673701,0.000000,0.000001,0.000050
image_00359.jpg,0.266677,0.000005,0.000004,0.000013,0.730410,0.000000,0.000000,0.002891
image_00360.jpg,0.007929,0.170748,0.000369,0.000215,0.000009,0.026281,0.794295,0.000154
image_00361.jpg,0.031936,0.174057,0.000082,0.000347,0.000890,0.001516,0.038314,0.752858
image_00362.jpg,0.005335,0.004674,0.002618,0.001049,0.855694,0.117326,0.012977,0.000326
image_00363.jpg,0.170189,0.017128,0.000002,0.000002,0.699950,0.000000,0.000000,0.112730
image_00364.jpg,0.022090,0.000010,0.000002,0.000000,0.977406,0.000000,0.000000,0.000491
image_00365.jpg,0.957058,0.001030,0.001747,0.000320,0.024763,0.009291,0.001056,0.004735
image_00366.jpg,0.146869,0.005602,0.004746,0.009275,0.452103,0.094687,0.219595,0.067122
image_00367.jpg,0.613965,0.002491,0.000090,0.002054,0.031613,0.001822,0.013506,0.334458
image_00368.jpg,0.022390,0.050921,0.006336,0.000945,0.753912,0.000142,0.067142,0.098213
image_00369.jpg,0.317437,0.125526,0.016539,0.030035,0.094528,0.017557,0.004535,0.393843
image_00370.jpg,0.026177,0.590794,0.002636,0.000065,0.346492,0.000786,0.000810,0.032239
image_00371.jpg,0.036085,0.010956,0.000102,0.030537,0.000304,0.000937,0.920114,0.000966
image_00372.jpg,0.085804,0.000117,0.007579,0.002237,0.000965,0.615263,0.000935,0.287098
image_00373.jpg,0.000868,0.016607,0.004396,0.012661,0.004328,0.002024,0.632969,0.326147
image_00374.jpg,0.002347,0.011700,0.000020,0.000233,0.000000,0.949418,0.032765,0.003518
image_00375.jpg,0.107363,0.025443,0.001600,0.001069,0.746171,0.027820,0.055940,0.034593
image_00376.jpg,0.004257,0.003831,0.000427,0.003596,0.000007,0.743560,0.223911,0.020413
image_00377.jpg,0.882688,0.017366,0.000054,0.000060,0.004629,0.000030,0.000035,0.095136
image_00378.jpg,0.013664,0.003714,0.000500,0.149283,0.001501,0.000773,0.039617,0.790948
image_00379.jpg,0.000910,0.000490,0.001720,0.000876,0.009273,0.085897,0.900182,0.000652
image_00380.jpg,0.875305,0.001887,0.000009,0.000034,0.109190,0.000002,0.000000,0.013573
image_00381.jpg,0.000437,0.000495,0.407550,0.002873,0.013141,0.005930,0.001933,0.567641
image_00382.jpg,0.586484,0.000919,0.000092,0.000151,0.411163,0.000209,0.000234,0.000747
image_00383.jpg,0.400781,0.084869,0.131539,0.032902,0.275020,0.020231,0.011353,0.043305
image_00384.jpg,0.642674,0.004139,0.000441,0.000746,0.003830,0.000994,0.025349,0.321826
image_00385.jpg,0.094085,0.502435,0.002878,0.001130,0.181349,0.004581,0.109069,0.104472
image_00386.jpg,0.187959,0.019838,0.001053,0.003649,0.253116,0.002466,0.357405,0.174515
image_00387.jpg,0.002130,0.000306,0.000160,0.000163,0.000037,0.990901,0.001643,0.004661
image_00388.jpg,0.343059,0.008893,0.001953,0.000314,0.027608,0.002444,0.000002,0.615727
image_00389.jpg,0.001187,0.004090,0.000683,0.102404,0.002018,0.000841,0.200603,0.688173
image_00390.jpg,0.000472,0.000003,0.000001,0.000003,0.000003,0.057849,0.941668,0.000001
image_00391.jpg,0.902388,0.001027,0.005741,0.004350,0.064588,0.002451,0.000388,0.019067
image_00392.jpg,0.861430,0.000500,0.004677,0.000223,0.000949,0.128138,0.000039,0.004044
image_00393.jpg,0.000013,0.000003,0.000003,0.000226,0.000002,0.004265,0.995486,0.000002
image_00394.jpg,0.984592,0.000061,0.000457,0.000258,0.001947,0.001958,0.001630,0.009098
image_00395.jpg,0.000346,0.000092,0.000000,0.000004,0.000001,0.001182,0.998267,0.000108
image_00396.jpg,0.069164,0.079081,0.001264,0.000158,0.029318,0.005047,0.004011,0.811956
image_00397.jpg,0.359107,0.005122,0.004623,0.001185,0.090292,0.005763,0.523302,0.010606
image_00398.jpg,0.182398,0.007504,0.015149,0.037015,0.060937,0.047629,0.552327,0.097041
image_00399.jpg,0.029460,0.001133,0.001129,0.066876,0.002234,0.140510,0.733716,0.024942
image_00400.jpg,0.394666,0.002313,0.035102,0.000396,0.046959,0.517922,0.001972,0.000670
image_00401.jpg,0.018871,0.000101,0.000056,0.000037,0.501601,0.000000,0.000001,0.479333
image_00402.jpg,0.636025,0.015530,0.003751,0.008387,0.106256,0.001120,0.028980,0.199952
image_00403.jpg,0.000148,0.000000,0.000000,0.000000,0.999835,0.000008,0.000000,0.000007
image_00404.jpg,0.022801,0.025193,0.001014,0.001862,0.002485,0.021884,0.914575,0.010185
image_00405.jpg,0.003586,0.013150,0.001881,0.037849,0.009998,0.001405,0.171119,0.761013
image_00406.jpg,0.509776,0.003666,0.000589,0.003142,0.041143,0.000435,0.001140,0.440110
image_00407.jpg,0.273198,0.034666,0.003087,0.001199,0.105590,0.003853,0.138489,0.439919
image_00408.jpg,0.030339,0.026017,0.005259,0.000441,0.651513,0.003590,0.000587,0.282254
image_00409.jpg,0.006315,0.000013,0.000414,0.000424,0.001729,0.008898,0.982190,0.000016
image_00410.jpg,0.870348,0.000127,0.001653,0.000133,0.124115,0.002586,0.000560,0.000477
image_00411.jpg,0.079694,0.000384,0.012580,0.001266,0.010243,0.045490,0.849934,0.000409
image_00412.jpg,0.150036,0.010337,0.003163,0.682483,0.050193,0.007569,0.051550,0.044669
image_00413.jpg,0.123842,0.002133,0.001134,0.003225,0.003998,0.863823,0.000916,0.000929
image_00414.jpg,0.006089,0.030384,0.001391,0.017357,0.003232,0.016165,0.558534,0.366848
image_00415.jpg,0.506532,0.008166,0.000185,0.000016,0.341727,0.000208,0.000001,0.143165
image_00416.jpg,0.541311,0.005299,0.005303,0.012649,0.251163,0.128363,0.054208,0.001703
image_00417.jpg,0.937987,0.000049,0.002455,0.045514,0.002764,0.001072,0.001239,0.008919
image_00418.jpg,0.000090,0.000002,0.012470,0.000015,0.000014,0.985906,0.000017,0.001486
image_00419.jpg,0.069398,0.022680,0.001050,0.000381,0.250479,0.024550,0.631162,0.000301
image_00420.jpg,0.067528,0.167982,0.001151,0.003999,0.003024,0.003767,0.194610,0.557938
image_00421.jpg,0.005165,0.036555,0.000722,0.003951,0.017839,0.005701,0.662886,0.267181
image_00422.jpg,0.982322,0.000002,0.016693,0.000042,0.000658,0.000281,0.000000,0.000001
image_00423.jpg,0.569318,0.000286,0.001910,0.000446,0.129499,0.012813,0.000001,0.285727
image_00424.jpg,0.989055,0.000003,0.004945,0.000261,0.001130,0.001032,0.000008,0.003566
image_00425.jpg,0.024572,0.439408,0.013723,0.000187,0.048766,0.368214,0.023823,0.081306
image_00426.jpg,0.994531,0.000010,0.000147,0.000100,0.000719,0.003336,0.000900,0.000257
image_00427.jpg,0.003878,0.013912,0.000106,0.000314,0.001529,0.010002,0.967827,0.002432
image_00428.jpg,0.748970,0.075974,0.000019,0.000023,0.161522,0.000020,0.000004,0.013468
image_00429.jpg,0.854204,0.000015,0.000241,0.000084,0.000085,0.140625,0.000093,0.004653
image_00430.jpg,0.724820,0.000005,0.000129,0.000109,0.000283,0.273851,0.000710,0.000093
image_00431.jpg,0.000015,0.000175,0.000001,0.000000,0.000238,0.000039,0.000001,0.999532
image_00432.jpg,0.000008,0.000009,0.000002,0.000342,0.000002,0.000449,0.999181,0.000007
image_00433.jpg,0.117491,0.037648,0.000992,0.004127,0.001057,0.009107,0.302623,0.526955
image_00434.jpg,0.976877,0.000026,0.002266,0.002956,0.000909,0.011143,0.000002,0.005821
image_00435.jpg,0.000096,0.187725,0.000081,0.000162,0.000124,0.008328,0.801381,0.002103
image_00436.jpg,0.000050,0.003076,0.000006,0.000105,0.000005,0.043834,0.951908,0.001016
image_00437.jpg,0.000015,0.000076,0.000059,0.000261,0.000034,0.006289,0.993115,0.000150
image_00438.jpg,0.001279,0.012511,0.002144,0.000683,0.288557,0.010505,0.000076,0.684245
image_00439.jpg,0.500965,0.007361,0.010382,0.002957,0.229631,0.022312,0.204477,0.021915
image_00440.jpg,0.057517,0.162497,0.001882,0.000648,0.448935,0.000882,0.018232,0.309406
image_00441.jpg,0.578289,0.073304,0.080612,0.017684,0.169076,0.034134,0.011727,0.035173
image_00442.jpg,0.005930,0.000001,0.000134,0.737282,0.018729,0.000613,0.237286,0.000025
image_00443.jpg,0.743874,0.004900,0.000019,0.000003,0.250575,0.000002,0.000000,0.000628
image_00444.jpg,0.000139,0.000836,0.000058,0.000175,0.000206,0.003204,0.990486,0.004896
image_00445.jpg,0.088105,0.000001,0.000013,0.000001,0.911767,0.000003,0.000000,0.000110
image_00446.jpg,0.657995,0.103999,0.022659,0.027556,0.088500,0.017044,0.001089,0.081159
image_00447.jpg,0.040083,0.003743,0.005004,0.002556,0.136311,0.133130,0.656675,0.022497
image_00448.jpg,0.010957,0.000585,0.003732,0.001158,0.900179,0.030094,0.001411,0.051884
