image,ALB,BET,DOL,LAG,NoF,OTHER,SHARK,YFT
img_00005.jpg,0.000434,0.000001,0.000021,0.000000,0.999536,0.000008,0.000000,0.000000
img_00007.jpg,0.733771,0.049299,0.015254,0.005776,0.000744,0.002023,0.000378,0.192755
img_00009.jpg,0.895673,0.028907,0.007050,0.000272,0.003060,0.054992,0.001479,0.008566
img_00018.jpg,0.753221,0.001015,0.000025,0.000354,0.000040,0.245318,0.000009,0.000017
img_00027.jpg,0.313021,0.001735,0.000009,0.000006,0.001595,0.683206,0.000023,0.000405
img_00030.jpg,0.064995,0.002997,0.000163,0.000017,0.915376,0.000560,0.013722,0.002170
img_00040.jpg,0.277322,0.306497,0.000191,0.000173,0.000648,0.010776,0.193594,0.210798
img_00046.jpg,0.812632,0.000144,0.000585,0.000019,0.183614,0.001589,0.001173,0.000244
img_00053.jpg,0.999851,0.000005,0.000012,0.000003,0.000105,0.000004,0.000017,0.000003
img_00071.jpg,0.015973,0.000410,0.001221,0.972663,0.001749,0.002299,0.003959,0.001727
img_00075.jpg,0.219838,0.000667,0.000024,0.000005,0.000054,0.779119,0.000004,0.000289
img_00102.jpg,0.115776,0.089807,0.000467,0.000048,0.000474,0.003320,0.000098,0.790008
img_00103.jpg,0.906520,0.004742,0.042560,0.002737,0.002808,0.002426,0.000461,0.037747
img_00109.jpg,0.978250,0.000342,0.000073,0.000001,0.021223,0.000006,0.000076,0.000029
img_00119.jpg,0.015862,0.007143,0.000524,0.002545,0.803248,0.005150,0.000207,0.165321
img_00120.jpg,0.064351,0.000725,0.000060,0.000001,0.000038,0.000063,0.000102,0.934659
img_00125.jpg,0.982287,0.011175,0.000407,0.000025,0.001191,0.000171,0.000282,0.004461
img_00128.jpg,0.006010,0.132297,0.629523,0.000011,0.006830,0.000308,0.000136,0.224885
img_00129.jpg,0.230507,0.213366,0.000094,0.000141,0.000521,0.005256,0.473833,0.076282
img_00133.jpg,0.004731,0.000715,0.000087,0.000199,0.976954,0.016315,0.000309,0.000691
img_00138.jpg,0.990385,0.003699,0.000314,0.000216,0.002329,0.000768,0.000255,0.002034
img_00141.jpg,0.000021,0.001336,0.000795,0.000003,0.000032,0.000020,0.000096,0.997698
img_00152.jpg,0.000320,0.000020,0.000089,0.000035,0.000082,0.000440,0.000002,0.999013
img_00161.jpg,0.000000,0.000007,0.000000,0.000000,0.000000,0.000009,0.000000,0.999983
img_00164.jpg,0.000056,0.001288,0.000112,0.000005,0.260150,0.001943,0.000023,0.736423
img_00170.jpg,0.615417,0.000086,0.000591,0.045586,0.005137,0.317778,0.000026,0.015378
img_00171.jpg,0.116171,0.000014,0.000519,0.001069,0.000438,0.881417,0.000058,0.000314
img_00172.jpg,0.000083,0.000000,0.000002,0.000000,0.999911,0.000002,0.000000,0.000001
img_00175.jpg,0.582821,0.000004,0.000104,0.000222,0.000141,0.416525,0.000016,0.000166
img_00180.jpg,0.023381,0.000005,0.000002,0.000001,0.000014,0.000002,0.000000,0.976595
img_00196.jpg,0.002392,0.009949,0.000048,0.000495,0.963694,0.000670,0.000081,0.022671
img_00212.jpg,0.003514,0.000026,0.000020,0.000028,0.000598,0.000039,0.000049,0.995727
img_00223.jpg,0.146227,0.002291,0.674054,0.000116,0.000386,0.002080,0.001572,0.173273
img_00230.jpg,0.793833,0.198394,0.000218,0.000045,0.000031,0.000730,0.000053,0.006696
img_00232.jpg,0.000027,0.001999,0.000003,0.000002,0.000011,0.000000,0.989434,0.008523
img_00244.jpg,0.724143,0.138011,0.000787,0.003022,0.001037,0.008101,0.000378,0.124521
img_00272.jpg,0.454379,0.002903,0.295545,0.001349,0.000691,0.001388,0.000150,0.243595
img_00280.jpg,0.754621,0.000395,0.000327,0.000066,0.240899,0.002726,0.000065,0.000901
img_00282.jpg,0.130585,0.000072,0.000733,0.003736,0.003267,0.861170,0.000222,0.000215
img_00285.jpg,0.923255,0.000927,0.000271,0.000002,0.000171,0.000183,0.000168,0.075022
img_00289.jpg,0.954678,0.003918,0.000023,0.000092,0.041038,0.000196,0.000026,0.000028
img_00292.jpg,0.558013,0.040807,0.000508,0.001876,0.125315,0.231436,0.004318,0.037727
img_00302.jpg,0.165808,0.230377,0.000105,0.000209,0.000600,0.001976,0.414033,0.186893
img_00311.jpg,0.999565,0.000201,0.000002,0.000000,0.000107,0.000008,0.000002,0.000116
img_00320.jpg,0.957816,0.003548,0.000293,0.000003,0.000895,0.000018,0.002540,0.034888
img_00331.jpg,0.402352,0.000472,0.000050,0.000090,0.032281,0.561771,0.002172,0.000812
img_00358.jpg,0.507113,0.066515,0.000040,0.000734,0.000438,0.098711,0.000105,0.326344
img_00374.jpg,0.831219,0.001215,0.000962,0.000063,0.000095,0.005072,0.000045,0.161330
img_00375.jpg,0.695040,0.058124,0.019451,0.004612,0.177667,0.035387,0.001085,0.008635
img_00376.jpg,0.500177,0.000319,0.002187,0.000011,0.093742,0.084931,0.001731,0.316903
img_00380.jpg,0.966589,0.000229,0.002014,0.000195,0.019471,0.010657,0.000371,0.000473
img_00383.jpg,0.999303,0.000463,0.000005,0.000000,0.000095,0.000011,0.000002,0.000121
img_00398.jpg,0.491998,0.004183,0.000788,0.000080,0.424155,0.005208,0.001905,0.071683
img_00407.jpg,0.978145,0.000384,0.000066,0.000267,0.000067,0.020252,0.000024,0.000795
img_00417.jpg,0.002345,0.000006,0.000037,0.000007,0.000631,0.000020,0.000020,0.996935
img_00432.jpg,0.648582,0.050135,0.065770,0.000306,0.057592,0.153042,0.000907,0.023667
img_00442.jpg,0.000037,0.000923,0.000049,0.000000,0.000007,0.000236,0.000010,0.998738
img_00446.jpg,0.984466,0.000560,0.000028,0.000106,0.006222,0.006140,0.000059,0.002419
img_00469.jpg,0.893177,0.001270,0.002231,0.000792,0.000842,0.012921,0.000224,0.088543
img_00473.jpg,0.972842,0.000011,0.000104,0.000007,0.000389,0.000022,0.000004,0.026622
img_00483.jpg,0.994578,0.000086,0.000003,0.000001,0.005224,0.000001,0.000012,0.000095
img_00484.jpg,0.231813,0.290671,0.001713,0.000978,0.062914,0.000547,0.012028,0.399336
img_00486.jpg,0.503265,0.008669,0.450294,0.015523,0.001878,0.008356,0.000168,0.011847
img_00487.jpg,0.000014,0.000038,0.000001,0.000001,0.999935,0.000004,0.000003,0.000004
img_00493.jpg,0.389198,0.024869,0.001913,0.015730,0.488273,0.059823,0.000769,0.019425
img_00518.jpg,0.861822,0.000182,0.000256,0.000006,0.133993,0.000699,0.001530,0.001512
img_00533.jpg,0.522372,0.043985,0.000360,0.000104,0.000833,0.020217,0.002131,0.409999
img_00538.jpg,0.962714,0.011158,0.000887,0.002200,0.001711,0.014647,0.000110,0.006573
img_00543.jpg,0.999800,0.000123,0.000001,0.000000,0.000028,0.000002,0.000001,0.000045
img_00550.jpg,0.558921,0.114693,0.059656,0.000080,0.072588,0.185379,0.000374,0.008309
img_00551.jpg,0.822732,0.000047,0.000147,0.000513,0.000288,0.175943,0.000021,0.000309
img_00564.jpg,0.000213,0.000098,0.000040,0.000004,0.998868,0.000716,0.000006,0.000056
img_00575.jpg,0.090977,0.000081,0.000046,0.000008,0.003212,0.004810,0.000112,0.900753
img_00582.jpg,0.604283,0.015323,0.001755,0.000427,0.311166,0.024265,0.000241,0.042541
img_00584.jpg,0.997859,0.000769,0.000011,0.000003,0.001288,0.000020,0.000017,0.000033
img_00587.jpg,0.776931,0.043289,0.000059,0.000067,0.002864,0.099582,0.000036,0.077173
img_00590.jpg,0.029317,0.001751,0.000012,0.000003,0.000162,0.000014,0.000015,0.968727
img_00591.jpg,0.733701,0.014155,0.000510,0.000029,0.001548,0.013364,0.000057,0.236637
img_00598.jpg,0.995914,0.000048,0.000045,0.000240,0.000120,0.000212,0.000009,0.003412
img_00599.jpg,0.817670,0.009942,0.000433,0.000002,0.001138,0.021709,0.000067,0.149040
img_00612.jpg,0.857975,0.000019,0.000003,0.000001,0.000168,0.139570,0.002181,0.000082
img_00618.jpg,0.917235,0.004880,0.000051,0.000337,0.077044,0.000230,0.000094,0.000129
img_00620.jpg,0.999614,0.000140,0.000019,0.000001,0.000210,0.000002,0.000008,0.000007
img_00642.jpg,0.000255,0.000001,0.000005,0.999521,0.000008,0.000208,0.000000,0.000003
img_00646.jpg,0.000765,0.007409,0.006638,0.000001,0.000025,0.001385,0.000487,0.983291
img_00648.jpg,0.999377,0.000360,0.000004,0.000000,0.000119,0.000007,0.000002,0.000130
img_00650.jpg,0.904331,0.000075,0.000015,0.000002,0.000087,0.048530,0.046910,0.000049
img_00654.jpg,0.850222,0.004790,0.001686,0.000281,0.059485,0.081382,0.000946,0.001208
img_00664.jpg,0.997905,0.000080,0.000010,0.000000,0.001884,0.000009,0.000004,0.000107
img_00667.jpg,0.011566,0.005686,0.000091,0.000661,0.962649,0.001992,0.000057,0.017296
img_00676.jpg,0.010829,0.010437,0.000513,0.002044,0.827680,0.004250,0.000195,0.144053
img_00697.jpg,0.000029,0.003733,0.001379,0.000002,0.000046,0.000014,0.000027,0.994770
img_00708.jpg,0.651036,0.005885,0.000022,0.000083,0.001810,0.236002,0.002265,0.102898
img_00716.jpg,0.305386,0.257554,0.000278,0.000952,0.002199,0.012850,0.009390,0.411391
img_00717.jpg,0.540852,0.458311,0.000053,0.000177,0.000134,0.000027,0.000022,0.000425
img_00718.jpg,0.883085,0.000004,0.000018,0.000283,0.002733,0.113243,0.000012,0.000621
img_00723.jpg,0.367949,0.006733,0.000071,0.000029,0.619621,0.000103,0.000175,0.005318
img_00724.jpg,0.063965,0.003168,0.004774,0.000067,0.026834,0.013602,0.576335,0.311256
img_00726.jpg,0.856325,0.000246,0.000580,0.000013,0.111740,0.019221,0.010270,0.001605
img_00729.jpg,0.834635,0.000296,0.000289,0.000018,0.157136,0.005096,0.000963,0.001567
img_00730.jpg,0.041554,0.000330,0.000011,0.000000,0.000171,0.000005,0.000006,0.957923
img_00757.jpg,0.986252,0.000288,0.006044,0.000399,0.004603,0.001073,0.000204,0.001138
img_00760.jpg,0.002371,0.000048,0.000046,0.996457,0.000109,0.000942,0.000002,0.000025
img_00763.jpg,0.000326,0.007839,0.000352,0.000004,0.784877,0.000036,0.000007,0.206559
img_00764.jpg,0.062329,0.170098,0.008533,0.000863,0.053388,0.009831,0.000650,0.694309
img_00765.jpg,0.008959,0.017638,0.000040,0.003608,0.000957,0.966036,0.000010,0.002752
img_00772.jpg,0.000170,0.000040,0.770534,0.000000,0.000028,0.000013,0.000004,0.229210
img_00773.jpg,0.714628,0.000947,0.262581,0.001563,0.001632,0.014791,0.000239,0.003620
img_00777.jpg,0.932249,0.034065,0.000459,0.000112,0.003210,0.027886,0.000770,0.001248
img_00780.jpg,0.004070,0.026263,0.003714,0.000028,0.000891,0.373768,0.001142,0.590124
img_00798.jpg,0.970657,0.009149,0.000461,0.001349,0.000118,0.000080,0.000010,0.018177
img_00808.jpg,0.999773,0.000015,0.000005,0.000080,0.000015,0.000016,0.000002,0.000093
img_00816.jpg,0.999214,0.000179,0.000005,0.000001,0.000467,0.000030,0.000007,0.000098
img_00828.jpg,0.000060,0.000686,0.000070,0.000025,0.997636,0.000037,0.000060,0.001427
img_00833.jpg,0.557574,0.006388,0.000009,0.000069,0.001126,0.204762,0.000767,0.229304
img_00837.jpg,0.995025,0.004104,0.000074,0.000027,0.000285,0.000398,0.000024,0.000064
img_00855.jpg,0.487207,0.002112,0.001330,0.000044,0.000191,0.000462,0.000043,0.508611
img_00857.jpg,0.992609,0.000635,0.000111,0.000002,0.001781,0.000128,0.000502,0.004232
img_00858.jpg,0.999562,0.000034,0.000001,0.000001,0.000283,0.000008,0.000001,0.000110
img_00865.jpg,0.445621,0.552947,0.000259,0.000068,0.000073,0.000544,0.000015,0.000474
img_00876.jpg,0.002977,0.008028,0.000214,0.000878,0.949939,0.000869,0.000195,0.036900
img_00889.jpg,0.000411,0.000792,0.058342,0.000009,0.000501,0.011452,0.000281,0.928212
img_00894.jpg,0.960764,0.000054,0.000561,0.000066,0.017077,0.000231,0.000013,0.021234
img_00902.jpg,0.000027,0.000865,0.000001,0.000001,0.000006,0.000000,0.995419,0.003681
img_00914.jpg,0.001518,0.069023,0.006828,0.000007,0.021952,0.001601,0.000078,0.898993
img_00921.jpg,0.924145,0.000610,0.000089,0.000007,0.009376,0.057155,0.000073,0.008544
img_00927.jpg,0.031616,0.015739,0.000023,0.000007,0.000315,0.000005,0.000004,0.952291
img_00943.jpg,0.996525,0.000031,0.000001,0.000000,0.003368,0.000001,0.000006,0.000068
img_00948.jpg,0.462055,0.002023,0.014816,0.003842,0.396913,0.021005,0.000612,0.098734
img_00950.jpg,0.002108,0.000014,0.000639,0.000001,0.996796,0.000082,0.000001,0.000360
img_00959.jpg,0.913727,0.002107,0.000076,0.000052,0.078536,0.004404,0.000103,0.000996
img_00962.jpg,0.000077,0.001054,0.000308,0.000001,0.000009,0.000010,0.000004,0.998538
img_00964.jpg,0.000139,0.001332,0.997153,0.000000,0.000006,0.000008,0.000010,0.001351
img_00966.jpg,0.962015,0.003482,0.000024,0.000014,0.032393,0.000021,0.001456,0.000595
img_00974.jpg,0.988239,0.010528,0.000018,0.000051,0.000010,0.000525,0.000003,0.000627
img_00979.jpg,0.249920,0.164316,0.052808,0.000020,0.000051,0.002764,0.000073,0.530048
img_00982.jpg,0.290790,0.587512,0.001868,0.000022,0.017120,0.006511,0.000602,0.095576
img_00985.jpg,0.659707,0.048779,0.000732,0.001556,0.103676,0.141167,0.007253,0.037131
img_00999.jpg,0.979657,0.000438,0.000001,0.000000,0.000005,0.000007,0.000001,0.019890
img_01022.jpg,0.843985,0.000061,0.000019,0.003831,0.138653,0.007039,0.000059,0.006353
img_01031.jpg,0.860692,0.000064,0.013151,0.000042,0.002347,0.121611,0.000804,0.001289
img_01035.jpg,0.967529,0.013875,0.000246,0.000128,0.005968,0.008864,0.000955,0.002435
img_01043.jpg,0.000776,0.000736,0.000018,0.000003,0.998137,0.000038,0.000084,0.000208
img_01058.jpg,0.991672,0.000157,0.000204,0.000000,0.000222,0.000036,0.000181,0.007527
img_01059.jpg,0.759788,0.014194,0.000370,0.000048,0.000968,0.148718,0.004554,0.071360
img_01090.jpg,0.024729,0.001614,0.000012,0.000002,0.972985,0.000014,0.000027,0.000616
img_01102.jpg,0.121135,0.187448,0.014430,0.001919,0.079361,0.000044,0.001782,0.593881
img_01103.jpg,0.028322,0.475516,0.012301,0.000157,0.000473,0.000148,0.000059,0.483024
img_01116.jpg,0.997225,0.002100,0.000038,0.000029,0.000006,0.000346,0.000002,0.000254
img_01134.jpg,0.715783,0.000064,0.000129,0.001203,0.001232,0.280779,0.000017,0.000793
img_01142.jpg,0.994709,0.000012,0.000055,0.000001,0.003398,0.001307,0.000010,0.000508
img_01168.jpg,0.001007,0.000823,0.000001,0.000010,0.000004,0.998152,0.000001,0.000003
img_01171.jpg,0.001052,0.005226,0.000646,0.000006,0.931818,0.000045,0.000010,0.061198
img_01177.jpg,0.904949,0.000034,0.000082,0.000006,0.089022,0.005376,0.000050,0.000479
img_01179.jpg,0.995849,0.000009,0.000019,0.000030,0.000392,0.003653,0.000036,0.000012
img_01188.jpg,0.007534,0.016725,0.000012,0.002961,0.000379,0.971330,0.000008,0.001050
img_01198.jpg,0.549098,0.026502,0.001971,0.000224,0.410684,0.003670,0.000258,0.007592
img_01204.jpg,0.013031,0.010464,0.000187,0.001014,0.896745,0.006030,0.000104,0.072425
img_01208.jpg,0.002248,0.000004,0.000116,0.000000,0.997591,0.000015,0.000000,0.000026
img_01211.jpg,0.998455,0.000050,0.000037,0.000000,0.000073,0.000003,0.000003,0.001379
img_01213.jpg,0.996820,0.001383,0.000782,0.000017,0.000065,0.000070,0.000099,0.000764
img_01222.jpg,0.187167,0.326065,0.015294,0.052354,0.000643,0.007027,0.000385,0.411065
img_01224.jpg,0.440983,0.269723,0.048840,0.000018,0.000358,0.025064,0.000143,0.214871
img_01237.jpg,0.021925,0.000306,0.000289,0.000034,0.968448,0.003167,0.000523,0.005307
img_01249.jpg,0.001517,0.000019,0.000030,0.000010,0.998287,0.000083,0.000047,0.000007
img_01253.jpg,0.000000,0.000015,0.000000,0.000000,0.000000,0.000001,0.000000,0.999984
img_01286.jpg,0.044833,0.006708,0.000276,0.000067,0.868532,0.048581,0.001183,0.029819
img_01289.jpg,0.677683,0.014558,0.000643,0.000119,0.003581,0.142882,0.027203,0.133332
img_01325.jpg,0.335806,0.274532,0.000331,0.000166,0.386958,0.000123,0.000341,0.001744
img_01328.jpg,0.991244,0.001398,0.000298,0.000034,0.000084,0.005602,0.000108,0.001231
img_01366.jpg,0.565915,0.000002,0.000253,0.000317,0.000127,0.433204,0.000010,0.000173
img_01371.jpg,0.942965,0.001792,0.000114,0.000015,0.035667,0.000238,0.000021,0.019189
img_01373.jpg,0.314789,0.001389,0.012707,0.000977,0.578762,0.087425,0.000668,0.003281
img_01377.jpg,0.003809,0.000141,0.000050,0.000031,0.994464,0.001374,0.000047,0.000083
img_01379.jpg,0.684660,0.021547,0.001797,0.001068,0.004205,0.280761,0.002287,0.003674
img_01384.jpg,0.429866,0.211659,0.124230,0.000103,0.110589,0.111440,0.000493,0.011621
img_01388.jpg,0.780094,0.016810,0.000472,0.000130,0.007411,0.188519,0.000248,0.006316
img_01392.jpg,0.000428,0.015924,0.907999,0.000002,0.000201,0.000118,0.000062,0.075266
img_01399.jpg,0.002325,0.469290,0.001862,0.000012,0.001435,0.001217,0.000318,0.523541
img_01404.jpg,0.967440,0.000041,0.000048,0.031721,0.000078,0.000645,0.000004,0.000023
img_01405.jpg,0.998281,0.000426,0.000027,0.000011,0.000073,0.000559,0.000003,0.000619
img_01413.jpg,0.953170,0.000123,0.000038,0.000488,0.042024,0.003805,0.000183,0.000169
img_01426.jpg,0.014647,0.637655,0.000321,0.000006,0.000019,0.000142,0.017524,0.329685
img_01431.jpg,0.001072,0.000121,0.000095,0.998305,0.000123,0.000254,0.000002,0.000027
img_01441.jpg,0.000046,0.000135,0.000210,0.000004,0.000364,0.001076,0.001648,0.996516
img_01444.jpg,0.340362,0.033153,0.000069,0.000032,0.000275,0.084025,0.000219,0.541866
img_01490.jpg,0.000419,0.000106,0.957320,0.000001,0.000207,0.000013,0.000016,0.041917
img_01495.jpg,0.877066,0.001598,0.003792,0.000075,0.000023,0.000900,0.000017,0.116529
img_01505.jpg,0.005491,0.010706,0.000070,0.000199,0.935102,0.002256,0.000068,0.046107
img_01511.jpg,0.997440,0.000005,0.000077,0.000007,0.000305,0.002153,0.000011,0.000004
img_01519.jpg,0.762193,0.001436,0.000032,0.000057,0.001264,0.233759,0.000905,0.000355
img_01530.jpg,0.858973,0.000171,0.001253,0.000062,0.129142,0.005672,0.000084,0.004644
img_01537.jpg,0.794945,0.000312,0.003607,0.000019,0.000475,0.198560,0.001480,0.000603
img_01538.jpg,0.645637,0.004671,0.000621,0.000104,0.001245,0.342848,0.000648,0.004226
img_01541.jpg,0.000191,0.002058,0.000059,0.000044,0.992490,0.000057,0.000035,0.005066
img_01543.jpg,0.999175,0.000050,0.000056,0.000000,0.000703,0.000007,0.000006,0.000002
img_01548.jpg,0.999524,0.000040,0.000002,0.000000,0.000286,0.000006,0.000008,0.000133
img_01552.jpg,0.993731,0.000733,0.000042,0.000002,0.002313,0.000120,0.000377,0.002682
img_01561.jpg,0.000209,0.000001,0.000003,0.000000,0.999785,0.000001,0.000000,0.000001
img_01562.jpg,0.025506,0.000093,0.000008,0.000000,0.000004,0.000000,0.000033,0.974356
img_01571.jpg,0.998723,0.000174,0.000007,0.000000,0.000932,0.000001,0.000035,0.000128
img_01593.jpg,0.855059,0.005853,0.000038,0.000005,0.000255,0.054760,0.000009,0.084020
img_01595.jpg,0.004607,0.000448,0.000013,0.000030,0.978796,0.000358,0.000050,0.015699
img_01616.jpg,0.785079,0.007356,0.001348,0.000004,0.005900,0.000022,0.073541,0.126750
img_01618.jpg,0.994552,0.000623,0.000063,0.000035,0.000164,0.003722,0.000195,0.000645
img_01627.jpg,0.920335,0.024915,0.000527,0.000018,0.000026,0.052958,0.000036,0.001185
img_01632.jpg,0.999134,0.000220,0.000004,0.000000,0.000585,0.000010,0.000006,0.000041
img_01633.jpg,0.675542,0.000344,0.000009,0.000003,0.000874,0.319770,0.002103,0.001356
img_01640.jpg,0.999768,0.000138,0.000002,0.000000,0.000029,0.000002,0.000001,0.000061
img_01646.jpg,0.996916,0.000649,0.000035,0.000048,0.000053,0.000006,0.000028,0.002265
img_01647.jpg,0.592874,0.005289,0.000037,0.000005,0.398091,0.000047,0.001379,0.002278
img_01649.jpg,0.872513,0.001057,0.002632,0.001245,0.092874,0.002481,0.020062,0.007137
img_01657.jpg,0.000012,0.000006,0.999816,0.000000,0.000026,0.000000,0.000001,0.000138
img_01669.jpg,0.000703,0.000208,0.000132,0.998460,0.000204,0.000258,0.000004,0.000031
img_01673.jpg,0.940228,0.001438,0.000026,0.000007,0.051899,0.002572,0.000765,0.003064
img_01681.jpg,0.024255,0.001450,0.000533,0.000007,0.000765,0.000031,0.000024,0.972935
img_01684.jpg,0.942449,0.018652,0.000777,0.000274,0.000095,0.000812,0.000043,0.036898
img_01685.jpg,0.362419,0.072388,0.059627,0.000124,0.091658,0.385983,0.000393,0.027408
img_01687.jpg,0.100151,0.001135,0.000478,0.000008,0.000599,0.000356,0.000792,0.896481
img_01688.jpg,0.588947,0.009376,0.000219,0.000108,0.002858,0.273874,0.050364,0.074254
img_01689.jpg,0.009345,0.049281,0.001557,0.000061,0.000753,0.288835,0.011289,0.638879
img_01716.jpg,0.000065,0.000154,0.000008,0.000004,0.999555,0.000006,0.000008,0.000200
img_01717.jpg,0.363345,0.007240,0.000080,0.000027,0.624397,0.000145,0.000189,0.004577
img_01724.jpg,0.355511,0.000767,0.003769,0.000066,0.003542,0.633750,0.000922,0.001674
img_01745.jpg,0.914023,0.001657,0.052782,0.000545,0.010086,0.001091,0.000579,0.019238
img_01771.jpg,0.995470,0.002418,0.000894,0.000201,0.000106,0.000444,0.000200,0.000268
img_01773.jpg,0.515018,0.008892,0.000098,0.000011,0.000049,0.000574,0.086180,0.389178
img_01781.jpg,0.207518,0.000088,0.000467,0.075468,0.652821,0.051819,0.000642,0.011177
img_01782.jpg,0.002634,0.000410,0.000006,0.000015,0.993421,0.000071,0.000026,0.003417
img_01802.jpg,0.861320,0.000520,0.000102,0.000010,0.132216,0.003774,0.000790,0.001268
img_01803.jpg,0.002485,0.021625,0.940343,0.000002,0.000347,0.000311,0.000086,0.034802
img_01824.jpg,0.794008,0.000428,0.000009,0.000004,0.001061,0.203816,0.000432,0.000242
img_01825.jpg,0.000388,0.976076,0.000031,0.000003,0.023348,0.000018,0.000014,0.000121
img_01831.jpg,0.573167,0.000057,0.001110,0.141772,0.003840,0.265446,0.000021,0.014587
img_01834.jpg,0.186239,0.510245,0.025235,0.000012,0.000098,0.018181,0.000148,0.259841
img_01847.jpg,0.274027,0.223775,0.000169,0.000141,0.000741,0.000297,0.000080,0.500770
img_01853.jpg,0.106052,0.047317,0.000017,0.000019,0.000336,0.000011,0.000011,0.846236
img_01856.jpg,0.997955,0.000002,0.000003,0.000006,0.000098,0.000034,0.000002,0.001900
img_01860.jpg,0.673372,0.000583,0.000774,0.000045,0.041905,0.147032,0.000117,0.136172
img_01862.jpg,0.501441,0.001166,0.004137,0.000088,0.003164,0.487339,0.000949,0.001717
img_01874.jpg,0.272340,0.000102,0.000024,0.000037,0.079117,0.647537,0.000144,0.000699
img_01888.jpg,0.019957,0.034112,0.000087,0.004806,0.001630,0.934614,0.000021,0.004772
img_01918.jpg,0.066340,0.043369,0.125853,0.552177,0.106412,0.007188,0.005454,0.093208
img_01930.jpg,0.934500,0.000241,0.001690,0.000253,0.029339,0.033336,0.000290,0.000350
img_01932.jpg,0.781628,0.000823,0.002306,0.000859,0.000599,0.005555,0.000722,0.207508
img_01955.jpg,0.000001,0.000005,0.000000,0.000000,0.000000,0.000000,0.000000,0.999993
img_01963.jpg,0.999361,0.000010,0.000000,0.000001,0.000078,0.000003,0.000000,0.000547
img_01966.jpg,0.972482,0.021883,0.000109,0.000006,0.000093,0.000021,0.000240,0.005166
img_01976.jpg,0.999566,0.000006,0.000003,0.000000,0.000040,0.000000,0.000007,0.000378
img_01983.jpg,0.431398,0.000603,0.008247,0.000057,0.549431,0.005896,0.000115,0.004253
img_01984.jpg,0.014589,0.000399,0.000155,0.000094,0.000005,0.000000,0.000000,0.984757
img_01995.jpg,0.012853,0.135139,0.000013,0.271589,0.000575,0.008365,0.000137,0.571330
img_01996.jpg,0.184070,0.000034,0.000005,0.000004,0.000901,0.804798,0.009988,0.000200
img_02001.jpg,0.864354,0.003265,0.000005,0.000031,0.003216,0.128448,0.000014,0.000667
img_02006.jpg,0.010805,0.003777,0.681728,0.008123,0.000383,0.000272,0.000634,0.294276
img_02066.jpg,0.982863,0.000033,0.000611,0.000033,0.012556,0.001559,0.000062,0.002283
img_02074.jpg,0.990105,0.001199,0.000087,0.000851,0.000150,0.006302,0.000092,0.001215
img_02076.jpg,0.077507,0.822562,0.000493,0.000023,0.058425,0.000096,0.000130,0.040764
img_02077.jpg,0.322487,0.000116,0.002882,0.123920,0.000794,0.549431,0.000093,0.000276
img_02078.jpg,0.069014,0.009511,0.000636,0.000011,0.834536,0.000067,0.000013,0.086211
img_02082.jpg,0.025784,0.000082,0.000156,0.000003,0.970108,0.001041,0.002764,0.000063
img_02083.jpg,0.000054,0.000047,0.000002,0.000003,0.999696,0.000172,0.000011,0.000015
img_02096.jpg,0.998904,0.000183,0.000053,0.000000,0.000080,0.000041,0.000256,0.000482
img_02119.jpg,0.064581,0.007014,0.775432,0.000368,0.001936,0.006949,0.004634,0.139085
img_02124.jpg,0.030200,0.000001,0.000000,0.000000,0.000022,0.969680,0.000093,0.000003
img_02135.jpg,0.002571,0.000730,0.000004,0.000129,0.992563,0.000010,0.003780,0.000213
img_02146.jpg,0.662289,0.000756,0.000034,0.000011,0.336537,0.000046,0.000058,0.000270
img_02159.jpg,0.027471,0.000654,0.001079,0.000909,0.862938,0.105082,0.000144,0.001723
img_02172.jpg,0.690925,0.000214,0.003420,0.000015,0.000660,0.303521,0.000752,0.000493
img_02180.jpg,0.919325,0.002856,0.000059,0.000028,0.009661,0.067879,0.000068,0.000123
img_02188.jpg,0.763195,0.007591,0.000096,0.000026,0.000287,0.004996,0.001873,0.221936
img_02194.jpg,0.998643,0.000059,0.000001,0.000017,0.001240,0.000028,0.000003,0.000008
img_02209.jpg,0.023802,0.000001,0.000000,0.000000,0.000012,0.976067,0.000115,0.000002
img_02216.jpg,0.007359,0.839245,0.000661,0.000004,0.139171,0.000298,0.000041,0.013220
img_02231.jpg,0.118143,0.005131,0.007082,0.049844,0.269833,0.475458,0.001300,0.073209
img_02235.jpg,0.001508,0.067771,0.000020,0.529693,0.009200,0.001735,0.000108,0.389966
img_02252.jpg,0.990634,0.000023,0.000059,0.000002,0.009130,0.000011,0.000061,0.000080
img_02268.jpg,0.994676,0.000878,0.000322,0.000021,0.002088,0.001360,0.000026,0.000629
img_02270.jpg,0.989800,0.000297,0.000093,0.000019,0.007900,0.001549,0.000015,0.000327
img_02281.jpg,0.063245,0.555731,0.001805,0.017476,0.336154,0.003486,0.002316,0.019787
img_02282.jpg,0.000008,0.000007,0.000014,0.000000,0.000000,0.000027,0.000006,0.999938
img_02285.jpg,0.846743,0.000499,0.001021,0.000039,0.137275,0.010881,0.001671,0.001870
img_02291.jpg,0.997181,0.001068,0.000028,0.000002,0.001358,0.000144,0.000017,0.000203
img_02299.jpg,0.445104,0.339123,0.008057,0.037718,0.001311,0.024609,0.000684,0.143394
img_02305.jpg,0.001878,0.064687,0.000036,0.368295,0.009154,0.000636,0.000164,0.555150
img_02307.jpg,0.497250,0.034756,0.000292,0.002480,0.051567,0.337620,0.007086,0.068950
img_02309.jpg,0.999716,0.000129,0.000001,0.000000,0.000032,0.000008,0.000001,0.000113
img_02318.jpg,0.034025,0.000296,0.000062,0.000083,0.003070,0.000696,0.000053,0.961715
img_02347.jpg,0.521460,0.012151,0.000901,0.000116,0.453895,0.004744,0.000132,0.006602
img_02356.jpg,0.077075,0.000012,0.000013,0.000012,0.000025,0.000016,0.000002,0.922845
img_02367.jpg,0.968881,0.000398,0.000336,0.000145,0.016467,0.001986,0.005499,0.006286
img_02372.jpg,0.000166,0.000024,0.000031,0.000006,0.998859,0.000877,0.000003,0.000032
img_02379.jpg,0.691307,0.001135,0.001307,0.000280,0.004301,0.006390,0.001809,0.293471
img_02384.jpg,0.212897,0.000347,0.000316,0.000045,0.038843,0.082696,0.000234,0.664621
img_02398.jpg,0.718813,0.001615,0.000686,0.001525,0.000649,0.250437,0.000076,0.026199
img_02400.jpg,0.766939,0.005676,0.017979,0.000322,0.001550,0.203789,0.001342,0.002403
img_02406.jpg,0.310360,0.000744,0.004363,0.275870,0.001135,0.405285,0.000258,0.001985
img_02412.jpg,0.834697,0.000349,0.000063,0.000028,0.004032,0.000124,0.000040,0.160668
img_02416.jpg,0.237085,0.555290,0.003059,0.000058,0.030337,0.027865,0.000985,0.145320
img_02422.jpg,0.617801,0.366091,0.000006,0.000023,0.000249,0.015184,0.000113,0.000533
img_02479.jpg,0.000157,0.000183,0.000009,0.000001,0.999596,0.000004,0.000011,0.000039
img_02486.jpg,0.702167,0.002150,0.003135,0.000025,0.000186,0.291022,0.000105,0.001210
img_02487.jpg,0.996319,0.000062,0.000000,0.000000,0.003539,0.000000,0.000003,0.000076
img_02507.jpg,0.775110,0.026574,0.015208,0.000036,0.014725,0.165448,0.000067,0.002831
img_02522.jpg,0.948604,0.018784,0.000352,0.000572,0.024315,0.002039,0.000242,0.005093
img_02540.jpg,0.583442,0.003780,0.021623,0.000020,0.022815,0.365798,0.000135,0.002386
img_02546.jpg,0.127749,0.124698,0.003542,0.000811,0.025316,0.007335,0.002616,0.707933
img_02556.jpg,0.039957,0.025453,0.000008,0.000003,0.000022,0.000001,0.000015,0.934542
img_02560.jpg,0.001686,0.000067,0.000002,0.000001,0.998205,0.000002,0.000003,0.000033
img_02563.jpg,0.000404,0.000032,0.000031,0.000001,0.999400,0.000083,0.000001,0.000048
img_02565.jpg,0.730430,0.016970,0.000342,0.000122,0.008988,0.089029,0.008131,0.145989
img_02573.jpg,0.191871,0.691988,0.000784,0.000011,0.017384,0.007364,0.000240,0.090358
img_02574.jpg,0.105316,0.004488,0.000252,0.000165,0.874225,0.011393,0.000673,0.003487
img_02602.jpg,0.993019,0.003558,0.000115,0.000042,0.002360,0.000061,0.000065,0.000779
img_02607.jpg,0.089674,0.000571,0.001984,0.000798,0.867684,0.015412,0.000137,0.023739
img_02622.jpg,0.951981,0.017310,0.000003,0.000018,0.001499,0.001940,0.000165,0.027084
img_02625.jpg,0.385449,0.000420,0.000016,0.000009,0.001748,0.600896,0.010727,0.000736
img_02636.jpg,0.819127,0.121355,0.000219,0.000007,0.033660,0.000010,0.000539,0.025083
img_02638.jpg,0.999467,0.000058,0.000039,0.000065,0.000038,0.000013,0.000003,0.000318
img_02641.jpg,0.998154,0.000002,0.000008,0.000000,0.001210,0.000549,0.000002,0.000074
img_02646.jpg,0.000047,0.000298,0.000003,0.000018,0.000236,0.000403,0.000003,0.998992
img_02648.jpg,0.002574,0.002324,0.051013,0.000043,0.001071,0.011755,0.000361,0.930860
img_02651.jpg,0.999648,0.000016,0.000037,0.000000,0.000290,0.000002,0.000005,0.000002
img_02656.jpg,0.990405,0.006235,0.000015,0.000032,0.000007,0.002961,0.000002,0.000343
img_02666.jpg,0.995978,0.000140,0.000008,0.000001,0.001909,0.000040,0.000008,0.001917
img_02679.jpg,0.099516,0.605673,0.001708,0.000183,0.286863,0.000104,0.001192,0.004761
img_02687.jpg,0.001877,0.000085,0.000015,0.000025,0.000882,0.000029,0.000005,0.997081
img_02699.jpg,0.315625,0.002265,0.001022,0.000117,0.340494,0.001914,0.003820,0.334743
img_02702.jpg,0.999880,0.000006,0.000000,0.000000,0.000105,0.000001,0.000001,0.000007
img_02703.jpg,0.143248,0.000083,0.000340,0.000087,0.000645,0.000125,0.000062,0.855410
img_02709.jpg,0.991739,0.000572,0.000666,0.000353,0.005642,0.000408,0.000196,0.000425
img_02726.jpg,0.438792,0.001498,0.012225,0.000164,0.537816,0.001461,0.000152,0.007893
img_02733.jpg,0.654198,0.008821,0.011336,0.020925,0.031840,0.222122,0.000625,0.050132
img_02734.jpg,0.592941,0.006468,0.002138,0.000305,0.310570,0.004514,0.000147,0.082916
img_02739.jpg,0.999860,0.000072,0.000001,0.000000,0.000020,0.000004,0.000001,0.000041
img_02749.jpg,0.490669,0.000177,0.001095,0.132079,0.012644,0.332422,0.000110,0.030804
img_02759.jpg,0.010305,0.033434,0.077411,0.000060,0.001767,0.006436,0.000212,0.870375
img_02764.jpg,0.999159,0.000040,0.000002,0.000022,0.000663,0.000084,0.000007,0.000023
img_02766.jpg,0.983402,0.005749,0.000081,0.000004,0.002549,0.000184,0.000798,0.007233
img_02769.jpg,0.014912,0.068968,0.037496,0.000074,0.001873,0.007556,0.000408,0.868714
img_02771.jpg,0.956833,0.009553,0.000089,0.002127,0.000022,0.030933,0.000009,0.000434
img_02789.jpg,0.030662,0.000145,0.000184,0.000004,0.963833,0.000550,0.004525,0.000098
img_02799.jpg,0.999269,0.000440,0.000007,0.000000,0.000103,0.000017,0.000002,0.000162
img_02808.jpg,0.957583,0.000593,0.000147,0.000717,0.000144,0.038756,0.000032,0.002028
img_02811.jpg,0.816957,0.000007,0.000030,0.000313,0.027654,0.154708,0.000021,0.000310
img_02830.jpg,0.404911,0.068388,0.000221,0.000165,0.001844,0.228195,0.038688,0.257590
img_02834.jpg,0.524057,0.015642,0.000045,0.000010,0.000181,0.000662,0.000017,0.459386
img_02837.jpg,0.995493,0.004290,0.000004,0.000037,0.000044,0.000007,0.000035,0.000090
img_02838.jpg,0.606328,0.005771,0.009949,0.001664,0.333066,0.016387,0.012639,0.014196
img_02842.jpg,0.020844,0.000001,0.000000,0.000000,0.000009,0.978994,0.000151,0.000001
img_02857.jpg,0.783271,0.149427,0.000147,0.000032,0.060868,0.000032,0.000099,0.006124
img_02865.jpg,0.006415,0.005353,0.000090,0.000645,0.959951,0.001860,0.000089,0.025597
img_02871.jpg,0.531096,0.260670,0.000081,0.000355,0.004689,0.026145,0.001357,0.175608
img_02876.jpg,0.021842,0.003290,0.063806,0.000003,0.001018,0.000016,0.000006,0.910019
img_02889.jpg,0.963367,0.000660,0.002756,0.000517,0.027867,0.001311,0.000478,0.003043
img_02890.jpg,0.508217,0.000002,0.000172,0.000728,0.000303,0.490452,0.000014,0.000111
img_02899.jpg,0.526139,0.000940,0.003891,0.050676,0.005143,0.036194,0.000031,0.376986
img_02904.jpg,0.999992,0.000003,0.000001,0.000000,0.000003,0.000001,0.000001,0.000000
img_02911.jpg,0.112820,0.640015,0.008029,0.020181,0.174535,0.006690,0.003778,0.033951
img_02916.jpg,0.909394,0.000165,0.015905,0.000050,0.007990,0.063769,0.000918,0.001810
img_02920.jpg,0.972330,0.004092,0.000010,0.000013,0.000029,0.023451,0.000008,0.000068
img_02943.jpg,0.998072,0.000032,0.000008,0.000108,0.000010,0.001748,0.000003,0.000020
img_02949.jpg,0.970228,0.000022,0.026831,0.002105,0.000322,0.000223,0.000242,0.000028
img_02954.jpg,0.016224,0.356486,0.032733,0.000012,0.482349,0.003423,0.001016,0.107757
img_02956.jpg,0.930518,0.000736,0.001500,0.000002,0.000312,0.000283,0.000383,0.066267
img_02964.jpg,0.000607,0.001375,0.008277,0.000001,0.000028,0.000713,0.000057,0.988942
img_02974.jpg,0.998401,0.000342,0.000038,0.000000,0.000714,0.000003,0.000049,0.000452
img_02977.jpg,0.338114,0.488229,0.000031,0.000016,0.172794,0.000007,0.000034,0.000775
img_02993.jpg,0.008675,0.013167,0.007373,0.000006,0.000335,0.125278,0.000451,0.844716
img_03014.jpg,0.000478,0.001390,0.000049,0.000048,0.996424,0.000109,0.000025,0.001477
img_03043.jpg,0.007018,0.041190,0.002511,0.000048,0.000919,0.285445,0.006264,0.656604
img_03055.jpg,0.996558,0.000112,0.000012,0.000095,0.000004,0.003185,0.000003,0.000031
img_03064.jpg,0.690700,0.001715,0.001426,0.000019,0.051103,0.090236,0.000077,0.164724
img_03069.jpg,0.404138,0.529523,0.000011,0.000180,0.000041,0.001507,0.000303,0.064297
img_03074.jpg,0.998428,0.000228,0.000060,0.000160,0.000046,0.000016,0.000020,0.001043
img_03078.jpg,0.864248,0.106621,0.001495,0.000516,0.000251,0.002252,0.000427,0.024189
img_03080.jpg,0.999818,0.000000,0.000000,0.000000,0.000093,0.000000,0.000000,0.000088
img_03082.jpg,0.343515,0.525861,0.000282,0.001470,0.000806,0.000023,0.000034,0.128010
img_03087.jpg,0.031663,0.000233,0.000017,0.000011,0.965706,0.002037,0.000074,0.000259
img_03116.jpg,0.001281,0.022910,0.001008,0.000041,0.598974,0.000133,0.000033,0.375620
img_03128.jpg,0.992930,0.001020,0.000001,0.000000,0.000010,0.000040,0.000001,0.005998
img_03135.jpg,0.058347,0.016341,0.000005,0.000002,0.000030,0.000000,0.000003,0.925272
img_03140.jpg,0.982159,0.009896,0.000135,0.000061,0.005097,0.000122,0.000013,0.002516
img_03166.jpg,0.861708,0.000569,0.000166,0.000015,0.119399,0.013949,0.000998,0.003196
img_03169.jpg,0.001252,0.068747,0.625257,0.000032,0.002689,0.000106,0.000220,0.301697
img_03181.jpg,0.632662,0.022021,0.000592,0.000135,0.013368,0.324668,0.000512,0.006041
img_03195.jpg,0.982411,0.005715,0.000002,0.000003,0.000104,0.000780,0.000001,0.010985
img_03199.jpg,0.982905,0.005353,0.000158,0.000006,0.001701,0.000395,0.001039,0.008443
img_03210.jpg,0.002234,0.014044,0.015065,0.000012,0.000642,0.015903,0.000877,0.951224
img_03220.jpg,0.809068,0.002088,0.000084,0.000546,0.180722,0.005579,0.000897,0.001015
img_03222.jpg,0.974452,0.019910,0.000223,0.000058,0.000083,0.001146,0.000110,0.004018
img_03223.jpg,0.992310,0.007167,0.000034,0.000198,0.000145,0.000021,0.000020,0.000106
img_03228.jpg,0.997831,0.000233,0.000025,0.000321,0.000013,0.000148,0.000007,0.001422
img_03229.jpg,0.045251,0.137859,0.000047,0.000125,0.000142,0.025851,0.755158,0.035567
img_03231.jpg,0.394163,0.022393,0.064377,0.000251,0.138060,0.013227,0.000841,0.366688
img_03238.jpg,0.863645,0.053333,0.000102,0.000031,0.001325,0.055007,0.002721,0.023836
img_03239.jpg,0.000038,0.001241,0.000002,0.000001,0.000011,0.000000,0.993509,0.005197
img_03252.jpg,0.991361,0.002025,0.000480,0.000007,0.004582,0.000146,0.000059,0.001340
img_03254.jpg,0.028079,0.000005,0.000002,0.000000,0.000088,0.971081,0.000727,0.000017
img_03260.jpg,0.890874,0.000048,0.000255,0.000024,0.000033,0.108107,0.000326,0.000333
img_03261.jpg,0.917993,0.062866,0.002454,0.000296,0.010397,0.003671,0.000568,0.001756
img_03270.jpg,0.036227,0.000003,0.000038,0.000002,0.000008,0.000014,0.000000,0.963707
img_03283.jpg,0.124282,0.047229,0.006923,0.011112,0.000028,0.000287,0.000046,0.810092
img_03290.jpg,0.643605,0.005536,0.000358,0.000020,0.002209,0.008447,0.000040,0.339786
img_03297.jpg,0.999785,0.000076,0.000022,0.000001,0.000098,0.000002,0.000008,0.000008
img_03310.jpg,0.986463,0.003208,0.000003,0.000216,0.000101,0.009982,0.000002,0.000025
img_03312.jpg,0.930935,0.007038,0.000164,0.000012,0.000011,0.000368,0.000486,0.060986
img_03324.jpg,0.215790,0.433624,0.046395,0.000027,0.000509,0.042704,0.000201,0.260751
img_03333.jpg,0.982159,0.000015,0.000001,0.000000,0.000030,0.017753,0.000031,0.000011
img_03342.jpg,0.862048,0.042625,0.000023,0.000028,0.001101,0.042523,0.000053,0.051600
img_03346.jpg,0.970825,0.003775,0.001071,0.000082,0.000715,0.019356,0.000280,0.003897
img_03355.jpg,0.019679,0.000274,0.000014,0.000000,0.000004,0.000000,0.000017,0.980012
img_03361.jpg,0.025847,0.933230,0.003647,0.000157,0.001026,0.001734,0.000078,0.034282
img_03370.jpg,0.742032,0.001464,0.000009,0.000006,0.000316,0.000023,0.000111,0.256039
img_03399.jpg,0.894513,0.029291,0.000941,0.000185,0.005244,0.064802,0.001613,0.003411
img_03410.jpg,0.956384,0.000489,0.000010,0.000003,0.037874,0.000039,0.000008,0.005193
img_03422.jpg,0.990288,0.000358,0.000051,0.000397,0.000061,0.008256,0.000022,0.000566
img_03426.jpg,0.976266,0.000102,0.000031,0.000016,0.015818,0.000008,0.000001,0.007758
img_03439.jpg,0.456435,0.000082,0.001215,0.123534,0.007026,0.404076,0.000016,0.007616
img_03440.jpg,0.000425,0.005536,0.000806,0.000000,0.000058,0.000031,0.000002,0.993142
img_03444.jpg,0.637859,0.355499,0.000151,0.000032,0.003526,0.000664,0.000092,0.002177
img_03445.jpg,0.428755,0.000154,0.000004,0.000001,0.570852,0.000001,0.000173,0.000060
img_03446.jpg,0.000373,0.012777,0.907046,0.000001,0.000147,0.000104,0.000072,0.079479
img_03452.jpg,0.003305,0.992613,0.000505,0.000003,0.000130,0.000760,0.000182,0.002502
img_03454.jpg,0.885891,0.000061,0.000195,0.000007,0.110155,0.001327,0.000201,0.002164
img_03456.jpg,0.000613,0.001108,0.000073,0.000084,0.996638,0.000136,0.000041,0.001307
img_03457.jpg,0.705644,0.000319,0.010204,0.000043,0.001363,0.281100,0.000405,0.000922
img_03471.jpg,0.008022,0.005725,0.355088,0.465101,0.007317,0.004246,0.002322,0.152179
img_03475.jpg,0.007041,0.000131,0.000091,0.000001,0.991323,0.000083,0.000007,0.001322
img_03488.jpg,0.994841,0.003647,0.000032,0.000030,0.000005,0.001065,0.000002,0.000377
img_03490.jpg,0.241063,0.587690,0.001922,0.000035,0.037188,0.020068,0.001932,0.110104
img_03502.jpg,0.953619,0.026777,0.000011,0.000016,0.001389,0.017175,0.000066,0.000946
img_03504.jpg,0.757158,0.018709,0.000644,0.000182,0.006214,0.208734,0.000575,0.007784
img_03520.jpg,0.937821,0.000107,0.001490,0.000063,0.049306,0.008722,0.000316,0.002174
img_03527.jpg,0.000069,0.004368,0.378125,0.000007,0.000410,0.000544,0.000085,0.616392
img_03547.jpg,0.999317,0.000443,0.000011,0.000004,0.000006,0.000009,0.000005,0.000205
img_03548.jpg,0.057631,0.000475,0.000035,0.000015,0.000451,0.940864,0.000137,0.000391
img_03554.jpg,0.999056,0.000435,0.000017,0.000001,0.000274,0.000032,0.000005,0.000181
img_03563.jpg,0.704678,0.232403,0.000207,0.001161,0.004183,0.000503,0.000131,0.056734
img_03581.jpg,0.531704,0.000085,0.000769,0.110507,0.005852,0.331299,0.000016,0.019767
img_03584.jpg,0.000027,0.007524,0.002121,0.000012,0.010893,0.000017,0.000037,0.979370
img_03587.jpg,0.032319,0.007428,0.000050,0.000046,0.002243,0.000163,0.000062,0.957688
img_03588.jpg,0.238675,0.000004,0.000001,0.000001,0.000336,0.758093,0.002833,0.000057
img_03602.jpg,0.057268,0.000002,0.000001,0.000000,0.000039,0.942264,0.000424,0.000002
img_03627.jpg,0.995898,0.000366,0.000068,0.000004,0.002371,0.000456,0.000030,0.000807
img_03628.jpg,0.999595,0.000004,0.000064,0.000006,0.000031,0.000011,0.000001,0.000289
img_03652.jpg,0.997997,0.000285,0.000003,0.000037,0.001631,0.000023,0.000007,0.000016
img_03670.jpg,0.721880,0.000155,0.001394,0.000019,0.262743,0.007420,0.003282,0.003107
img_03674.jpg,0.003507,0.000048,0.000070,0.000127,0.994871,0.000322,0.000124,0.000931
img_03677.jpg,0.995787,0.002071,0.000050,0.000028,0.000002,0.000270,0.000003,0.001790
img_03711.jpg,0.997904,0.000157,0.000088,0.000002,0.000071,0.000500,0.000097,0.001180
img_03715.jpg,0.135521,0.002684,0.002248,0.801638,0.048750,0.001149,0.000844,0.007165
img_03718.jpg,0.778730,0.000070,0.000103,0.000604,0.000228,0.219690,0.000019,0.000556
img_03726.jpg,0.001197,0.039889,0.000025,0.217141,0.008759,0.000133,0.000076,0.732780
img_03739.jpg,0.001310,0.008831,0.002718,0.000030,0.000538,0.027159,0.000200,0.959214
img_03749.jpg,0.577824,0.032408,0.000711,0.000220,0.032879,0.149085,0.084234,0.122639
img_03750.jpg,0.650990,0.001735,0.000166,0.000041,0.006491,0.060630,0.000732,0.279215
img_03760.jpg,0.730083,0.031060,0.000202,0.000052,0.002905,0.138452,0.016147,0.081099
img_03764.jpg,0.912724,0.035359,0.006044,0.000022,0.001111,0.000535,0.000753,0.043451
