image,ALB,BET,DOL,LAG,NoF,OTHER,SHARK,YFT
img_00005.jpg,0.000002,0.000000,0.000000,0.000000,0.999997,0.000000,0.000000,0.000000
img_00007.jpg,0.464694,0.039937,0.003924,0.000339,0.002753,0.014582,0.000642,0.473128
img_00009.jpg,0.980516,0.002270,0.000220,0.000013,0.000002,0.016653,0.000001,0.000324
img_00018.jpg,0.700086,0.029489,0.015014,0.008881,0.002129,0.233968,0.006920,0.003512
img_00027.jpg,0.130088,0.000551,0.000010,0.000000,0.000002,0.868897,0.000000,0.000452
img_00030.jpg,0.279557,0.005079,0.001654,0.000285,0.555828,0.011228,0.078952,0.067416
img_00040.jpg,0.059881,0.001276,0.000398,0.000036,0.000251,0.922451,0.012591,0.003115
img_00046.jpg,0.865271,0.000372,0.000057,0.000101,0.027796,0.000962,0.002952,0.102490
img_00053.jpg,0.998522,0.000023,0.000049,0.000001,0.000020,0.000002,0.000006,0.001376
img_00071.jpg,0.435641,0.008874,0.024059,0.312873,0.200338,0.005874,0.009023,0.003319
img_00075.jpg,0.988725,0.006149,0.000031,0.000015,0.001300,0.002493,0.000186,0.001101
img_00102.jpg,0.901736,0.042210,0.000014,0.000011,0.000190,0.009666,0.000017,0.046157
img_00103.jpg,0.669065,0.003849,0.012863,0.000234,0.019970,0.244234,0.000025,0.049761
img_00109.jpg,0.992741,0.000000,0.000009,0.000008,0.003854,0.000002,0.003382,0.000004
img_00119.jpg,0.000548,0.038255,0.005591,0.000376,0.101180,0.005298,0.007236,0.841518
img_00120.jpg,0.302349,0.022447,0.000376,0.000060,0.000159,0.001997,0.007609,0.665005
img_00125.jpg,0.703494,0.000014,0.042220,0.000322,0.001103,0.001077,0.000003,0.251768
img_00128.jpg,0.000279,0.191830,0.731267,0.000139,0.001328,0.000458,0.000372,0.074326
img_00129.jpg,0.705474,0.052809,0.000217,0.000211,0.000642,0.196279,0.014840,0.029528
img_00133.jpg,0.254365,0.017601,0.004025,0.000538,0.330787,0.077797,0.001571,0.313316
img_00138.jpg,0.654072,0.015045,0.000230,0.000037,0.329663,0.000112,0.000022,0.000820
img_00141.jpg,0.000000,0.000004,0.000004,0.000001,0.000000,0.000001,0.000002,0.999988
img_00152.jpg,0.000233,0.000013,0.000002,0.000001,0.000012,0.000000,0.000000,0.999738
img_00161.jpg,0.000001,0.000005,0.000033,0.000018,0.000003,0.000112,0.000350,0.999479
img_00164.jpg,0.011331,0.000173,0.000456,0.000067,0.900128,0.000397,0.001172,0.086276
img_00170.jpg,0.831555,0.000446,0.001101,0.130897,0.012018,0.009363,0.000154,0.014466
img_00171.jpg,0.075054,0.003594,0.027018,0.000106,0.000106,0.891131,0.002931,0.000060
img_00172.jpg,0.000007,0.000000,0.000000,0.000000,0.999992,0.000000,0.000000,0.000001
img_00175.jpg,0.388785,0.004627,0.006257,0.000202,0.006166,0.582330,0.000948,0.010685
img_00180.jpg,0.292447,0.017637,0.009308,0.004035,0.066683,0.011082,0.009925,0.588883
img_00196.jpg,0.001007,0.054502,0.008416,0.000436,0.739965,0.007720,0.007671,0.180283
img_00212.jpg,0.256698,0.042969,0.000537,0.000227,0.001020,0.505886,0.001978,0.190687
img_00223.jpg,0.872785,0.001606,0.054482,0.000040,0.000087,0.000052,0.000147,0.070802
img_00230.jpg,0.479681,0.445436,0.007466,0.000049,0.000060,0.066129,0.000129,0.001049
img_00232.jpg,0.001108,0.003579,0.000080,0.000039,0.000084,0.002134,0.990593,0.002383
img_00244.jpg,0.991464,0.000558,0.000037,0.000033,0.000746,0.000112,0.000020,0.007031
img_00272.jpg,0.959889,0.013353,0.001968,0.001702,0.003086,0.008200,0.000195,0.011607
img_00280.jpg,0.681098,0.000751,0.002379,0.000426,0.192180,0.017998,0.000122,0.105047
img_00282.jpg,0.090205,0.002564,0.003206,0.000160,0.000393,0.900154,0.003094,0.000225
img_00285.jpg,0.986165,0.003341,0.000270,0.000021,0.000199,0.000408,0.000572,0.009024
img_00289.jpg,0.892935,0.000004,0.000027,0.000065,0.106640,0.000211,0.000110,0.000009
img_00292.jpg,0.987241,0.000461,0.000067,0.000016,0.000365,0.008165,0.001437,0.002248
img_00302.jpg,0.232610,0.012944,0.000871,0.000088,0.004722,0.687520,0.010111,0.051133
img_00311.jpg,0.999655,0.000037,0.000002,0.000001,0.000173,0.000069,0.000027,0.000036
img_00320.jpg,0.999865,0.000014,0.000004,0.000000,0.000030,0.000002,0.000000,0.000084
img_00331.jpg,0.736724,0.004200,0.000696,0.000051,0.017615,0.007353,0.000332,0.233029
img_00358.jpg,0.898407,0.000692,0.000000,0.000000,0.000000,0.000004,0.000001,0.100895
img_00374.jpg,0.659951,0.000944,0.000527,0.000387,0.000122,0.000741,0.000003,0.337324
img_00375.jpg,0.027878,0.055622,0.887182,0.001932,0.002196,0.018300,0.003218,0.003670
img_00376.jpg,0.923485,0.009753,0.000894,0.000121,0.002373,0.053355,0.000766,0.009253
img_00380.jpg,0.999101,0.000268,0.000420,0.000013,0.000043,0.000077,0.000001,0.000077
img_00383.jpg,0.995046,0.003567,0.000015,0.000003,0.000737,0.000546,0.000025,0.000061
img_00398.jpg,0.889762,0.050673,0.000231,0.000127,0.008930,0.014640,0.003632,0.032006
img_00407.jpg,0.642906,0.219988,0.127113,0.001684,0.003520,0.002570,0.000495,0.001725
img_00417.jpg,0.273445,0.008720,0.000480,0.000281,0.000569,0.556310,0.004210,0.155985
img_00432.jpg,0.422359,0.010296,0.008122,0.000117,0.284352,0.270885,0.000257,0.003612
img_00442.jpg,0.000029,0.000032,0.000011,0.000002,0.000001,0.000028,0.000007,0.999890
img_00446.jpg,0.691997,0.002662,0.000094,0.000070,0.003470,0.001279,0.100159,0.200270
img_00469.jpg,0.996260,0.000087,0.000338,0.000094,0.000224,0.001718,0.000602,0.000678
img_00473.jpg,0.990918,0.000100,0.000531,0.000068,0.001761,0.000390,0.006137,0.000096
img_00483.jpg,0.985128,0.000222,0.000064,0.000011,0.001066,0.000002,0.001353,0.012155
img_00484.jpg,0.450192,0.003233,0.001525,0.000266,0.002177,0.000603,0.000765,0.541240
img_00486.jpg,0.895649,0.021253,0.080075,0.000083,0.000238,0.000056,0.000315,0.002331
img_00487.jpg,0.000000,0.000000,0.000000,0.000000,1.000000,0.000000,0.000000,0.000000
img_00493.jpg,0.058550,0.000466,0.001188,0.000041,0.934837,0.000080,0.000125,0.004712
img_00518.jpg,0.977447,0.000005,0.000066,0.000085,0.013480,0.008113,0.000336,0.000469
img_00533.jpg,0.779845,0.118168,0.000075,0.000023,0.038552,0.000872,0.000004,0.062461
img_00538.jpg,0.992755,0.004952,0.000090,0.000022,0.000005,0.001481,0.000009,0.000686
img_00543.jpg,0.999868,0.000071,0.000002,0.000000,0.000019,0.000030,0.000004,0.000006
img_00550.jpg,0.577105,0.023528,0.067885,0.000036,0.319406,0.010774,0.000027,0.001240
img_00551.jpg,0.994473,0.000045,0.000066,0.000203,0.004817,0.000372,0.000004,0.000019
img_00564.jpg,0.000010,0.000068,0.000000,0.000000,0.999548,0.000003,0.000001,0.000369
img_00575.jpg,0.009862,0.002193,0.000052,0.000030,0.000593,0.010896,0.119226,0.857148
img_00582.jpg,0.872132,0.056489,0.000772,0.000175,0.001909,0.063248,0.002661,0.002614
img_00584.jpg,0.967658,0.002511,0.000269,0.000086,0.028392,0.000093,0.000159,0.000830
img_00587.jpg,0.953259,0.014999,0.000001,0.000001,0.000001,0.000262,0.000000,0.031477
img_00590.jpg,0.146635,0.190000,0.000136,0.000084,0.000210,0.000664,0.000089,0.662181
img_00591.jpg,0.589937,0.001261,0.000397,0.000019,0.000077,0.001313,0.000137,0.406858
img_00598.jpg,0.942156,0.041491,0.000321,0.000114,0.000025,0.000063,0.000001,0.015829
img_00599.jpg,0.931769,0.014068,0.001395,0.000065,0.018976,0.005699,0.000328,0.027700
img_00612.jpg,0.991300,0.000203,0.000076,0.000023,0.000268,0.002437,0.004308,0.001385
img_00618.jpg,0.739000,0.000003,0.000015,0.000032,0.260850,0.000046,0.000031,0.000025
img_00620.jpg,0.982521,0.000204,0.001745,0.000098,0.000170,0.000524,0.000017,0.014720
img_00642.jpg,0.032806,0.001324,0.004290,0.604655,0.002838,0.053882,0.000147,0.300059
img_00646.jpg,0.000703,0.000276,0.181797,0.000019,0.000008,0.000021,0.000001,0.817176
img_00648.jpg,0.999804,0.000053,0.000004,0.000001,0.000047,0.000085,0.000002,0.000005
img_00650.jpg,0.991292,0.000017,0.000011,0.000007,0.004789,0.003073,0.000752,0.000059
img_00654.jpg,0.711826,0.001105,0.042504,0.000774,0.002906,0.002918,0.095912,0.142054
img_00664.jpg,0.986330,0.000016,0.000007,0.000005,0.013592,0.000004,0.000019,0.000028
img_00667.jpg,0.000977,0.083947,0.007023,0.000504,0.215623,0.008644,0.009546,0.673735
img_00676.jpg,0.000669,0.035991,0.003026,0.000292,0.054459,0.001219,0.000662,0.903681
img_00697.jpg,0.000002,0.000010,0.000018,0.000001,0.000001,0.000020,0.000013,0.999935
img_00708.jpg,0.805219,0.097946,0.000287,0.000077,0.000568,0.033966,0.059811,0.002125
img_00716.jpg,0.124257,0.016721,0.005954,0.000994,0.000363,0.066811,0.002410,0.782490
img_00717.jpg,0.954948,0.004270,0.000276,0.000836,0.003887,0.022588,0.010241,0.002954
img_00718.jpg,0.986644,0.000439,0.000355,0.000194,0.007631,0.004465,0.000092,0.000179
img_00723.jpg,0.000201,0.000003,0.000002,0.000002,0.999644,0.000006,0.000003,0.000139
img_00724.jpg,0.455320,0.029634,0.006793,0.000112,0.021772,0.007846,0.002742,0.475780
img_00726.jpg,0.794657,0.000005,0.000007,0.000007,0.000789,0.000222,0.000042,0.204271
img_00729.jpg,0.723992,0.000032,0.000101,0.000169,0.267251,0.007532,0.000593,0.000330
img_00730.jpg,0.002846,0.000686,0.000029,0.000012,0.000009,0.000294,0.000016,0.996109
img_00757.jpg,0.854879,0.000758,0.015529,0.016664,0.106222,0.003830,0.000033,0.002087
img_00760.jpg,0.118070,0.000206,0.000821,0.444590,0.079148,0.257025,0.000024,0.100114
img_00763.jpg,0.002255,0.007527,0.000684,0.000302,0.582534,0.003311,0.000131,0.403256
img_00764.jpg,0.020750,0.063180,0.572790,0.000355,0.004213,0.012366,0.014627,0.311719
img_00765.jpg,0.007779,0.089998,0.002212,0.041806,0.000686,0.564113,0.139819,0.153587
img_00772.jpg,0.000833,0.009319,0.734249,0.000121,0.000429,0.000198,0.000009,0.254842
img_00773.jpg,0.580539,0.011834,0.402632,0.000424,0.002417,0.001371,0.000113,0.000670
img_00777.jpg,0.999381,0.000184,0.000022,0.000012,0.000072,0.000178,0.000115,0.000037
img_00780.jpg,0.050746,0.010540,0.124008,0.001144,0.000638,0.018057,0.000165,0.794701
img_00798.jpg,0.624919,0.254973,0.000436,0.000024,0.000057,0.001319,0.000310,0.117962
img_00808.jpg,0.981284,0.010737,0.000234,0.000004,0.000003,0.000383,0.000037,0.007317
img_00816.jpg,0.909577,0.037847,0.000207,0.000125,0.048569,0.000101,0.000029,0.003543
img_00828.jpg,0.000286,0.001076,0.000278,0.000027,0.995986,0.000112,0.000090,0.002145
img_00833.jpg,0.910917,0.070770,0.000011,0.000013,0.000205,0.014716,0.000381,0.002987
img_00837.jpg,0.980830,0.000868,0.000511,0.000119,0.013290,0.002251,0.000001,0.002130
img_00855.jpg,0.815763,0.000004,0.000007,0.000057,0.000021,0.000000,0.000000,0.184148
img_00857.jpg,0.999584,0.000051,0.000004,0.000001,0.000130,0.000004,0.000000,0.000225
img_00858.jpg,0.753713,0.174347,0.000193,0.000067,0.002417,0.009335,0.001831,0.058097
img_00865.jpg,0.996095,0.003335,0.000276,0.000063,0.000036,0.000161,0.000002,0.000031
img_00876.jpg,0.002079,0.021237,0.002903,0.000341,0.588921,0.002550,0.000718,0.381250
img_00889.jpg,0.007288,0.001224,0.146086,0.004702,0.004339,0.025556,0.000024,0.810781
img_00894.jpg,0.753410,0.000237,0.003108,0.000313,0.219373,0.000304,0.000007,0.023247
img_00902.jpg,0.001181,0.002671,0.000147,0.000067,0.000226,0.001270,0.991557,0.002881
img_00914.jpg,0.019511,0.061972,0.019508,0.000402,0.087334,0.002753,0.001047,0.807472
img_00921.jpg,0.597058,0.004808,0.000446,0.000072,0.006477,0.295843,0.000663,0.094633
img_00927.jpg,0.244016,0.074187,0.000016,0.000051,0.000273,0.000103,0.000017,0.681337
img_00943.jpg,0.995718,0.001723,0.000224,0.000015,0.000244,0.000026,0.001475,0.000576
img_00948.jpg,0.051839,0.000068,0.000745,0.000032,0.941880,0.000412,0.000008,0.005015
img_00950.jpg,0.053263,0.000059,0.000001,0.000000,0.946664,0.000000,0.000000,0.000012
img_00959.jpg,0.992190,0.000124,0.000151,0.000010,0.000320,0.005793,0.000034,0.001378
img_00962.jpg,0.061180,0.307516,0.002429,0.000031,0.000466,0.000532,0.000003,0.627843
img_00964.jpg,0.000000,0.000000,1.000000,0.000000,0.000000,0.000000,0.000000,0.000000
img_00966.jpg,0.967016,0.010150,0.006524,0.000266,0.000692,0.001704,0.006527,0.007121
img_00974.jpg,0.906759,0.012445,0.000208,0.000748,0.000155,0.059563,0.005546,0.014577
img_00979.jpg,0.183200,0.000318,0.000285,0.000021,0.154123,0.000001,0.000000,0.662051
img_00982.jpg,0.375811,0.247126,0.000668,0.000087,0.050531,0.006471,0.000086,0.319220
img_00985.jpg,0.869053,0.001532,0.000042,0.000030,0.004495,0.080907,0.000569,0.043372
img_00999.jpg,0.524850,0.002624,0.000003,0.000010,0.000003,0.000010,0.000007,0.472493
img_01022.jpg,0.980951,0.000038,0.000246,0.000230,0.006837,0.008757,0.000426,0.002514
img_01031.jpg,0.993089,0.001096,0.000475,0.000064,0.001397,0.001586,0.000079,0.002213
img_01035.jpg,0.998661,0.000209,0.000151,0.000028,0.000188,0.000484,0.000090,0.000188
img_01043.jpg,0.000312,0.000175,0.000025,0.000001,0.999480,0.000006,0.000000,0.000000
img_01058.jpg,0.974449,0.007171,0.000063,0.000010,0.005539,0.000102,0.000083,0.012585
img_01059.jpg,0.388271,0.055777,0.000198,0.000132,0.004269,0.262443,0.012760,0.276148
img_01090.jpg,0.274156,0.126345,0.001424,0.001012,0.377192,0.000152,0.000074,0.219646
img_01102.jpg,0.206933,0.484554,0.091425,0.004109,0.014802,0.006957,0.000349,0.190870
img_01103.jpg,0.004944,0.876541,0.004175,0.000491,0.000253,0.000007,0.000051,0.113537
img_01116.jpg,0.997846,0.001792,0.000002,0.000000,0.000004,0.000005,0.000041,0.000310
img_01134.jpg,0.484706,0.000034,0.000093,0.000112,0.000655,0.514194,0.000060,0.000145
img_01142.jpg,0.999415,0.000009,0.000116,0.000001,0.000030,0.000002,0.000001,0.000426
img_01168.jpg,0.140039,0.089898,0.004679,0.001568,0.055029,0.626034,0.069414,0.013339
img_01171.jpg,0.000678,0.008852,0.000306,0.000192,0.273855,0.000384,0.000084,0.715649
img_01177.jpg,0.995994,0.000034,0.000253,0.000012,0.000226,0.000192,0.000003,0.003286
img_01179.jpg,0.547350,0.000387,0.000638,0.001128,0.395512,0.050764,0.000041,0.004181
img_01188.jpg,0.006721,0.172938,0.000524,0.001999,0.000119,0.580738,0.227635,0.009326
img_01198.jpg,0.714364,0.000687,0.000030,0.000060,0.062084,0.000044,0.000349,0.222383
img_01204.jpg,0.002598,0.045267,0.019445,0.000948,0.308282,0.007683,0.030532,0.585247
img_01208.jpg,0.060857,0.001533,0.000464,0.000021,0.935278,0.000010,0.000106,0.001731
img_01211.jpg,0.991868,0.002832,0.000057,0.000008,0.000410,0.002743,0.000029,0.002053
img_01213.jpg,0.493487,0.068848,0.018045,0.000417,0.004497,0.250191,0.000055,0.164460
img_01222.jpg,0.874893,0.005230,0.000747,0.002245,0.000511,0.000038,0.000002,0.116334
img_01224.jpg,0.127169,0.005548,0.001498,0.000204,0.404144,0.000071,0.000023,0.461342
img_01237.jpg,0.365638,0.046456,0.000708,0.000723,0.431596,0.026792,0.075609,0.052477
img_01249.jpg,0.641215,0.039018,0.037757,0.004144,0.258476,0.008117,0.000288,0.010985
img_01253.jpg,0.000035,0.000402,0.000087,0.000010,0.000392,0.000246,0.000071,0.998756
img_01286.jpg,0.180568,0.297269,0.001564,0.000339,0.054951,0.041672,0.008558,0.415079
img_01289.jpg,0.345532,0.039920,0.000093,0.000044,0.001295,0.357350,0.003472,0.252296
img_01325.jpg,0.167979,0.774842,0.004211,0.001537,0.035933,0.004158,0.005163,0.006176
img_01328.jpg,0.681017,0.065111,0.004439,0.000315,0.012235,0.177640,0.000039,0.059204
img_01366.jpg,0.531611,0.003692,0.001329,0.000126,0.007338,0.453624,0.001136,0.001144
img_01371.jpg,0.996192,0.000003,0.000020,0.000001,0.000144,0.000001,0.000001,0.003639
img_01373.jpg,0.879581,0.014574,0.001353,0.000318,0.087856,0.014439,0.000049,0.001830
img_01377.jpg,0.367044,0.003797,0.023544,0.000329,0.604410,0.000137,0.000018,0.000721
img_01379.jpg,0.995826,0.000028,0.001076,0.000070,0.000665,0.002257,0.000013,0.000064
img_01384.jpg,0.832101,0.018253,0.037502,0.000074,0.093247,0.011888,0.000107,0.006828
img_01388.jpg,0.751489,0.007977,0.000804,0.000027,0.029227,0.203905,0.000157,0.006414
img_01392.jpg,0.000008,0.303116,0.691627,0.000017,0.000292,0.000069,0.000011,0.004861
img_01399.jpg,0.000013,0.986978,0.000591,0.000004,0.000025,0.000133,0.000020,0.012235
img_01404.jpg,0.909490,0.022936,0.001583,0.059106,0.000532,0.005908,0.000102,0.000344
img_01405.jpg,0.992854,0.002122,0.000328,0.000047,0.000034,0.004335,0.000039,0.000243
img_01413.jpg,0.782441,0.001504,0.006113,0.000750,0.147110,0.055377,0.000183,0.006522
img_01426.jpg,0.079821,0.824987,0.000134,0.000027,0.000078,0.003242,0.075097,0.016616
img_01431.jpg,0.136968,0.000227,0.002072,0.720493,0.007625,0.131873,0.000663,0.000080
img_01441.jpg,0.000000,0.000007,0.000006,0.000001,0.000001,0.000068,0.000078,0.999839
img_01444.jpg,0.126446,0.017766,0.000074,0.000033,0.000052,0.006894,0.000036,0.848698
img_01490.jpg,0.000001,0.000200,0.997414,0.000002,0.000007,0.000108,0.000000,0.002266
img_01495.jpg,0.992702,0.000025,0.000142,0.000008,0.000028,0.000210,0.000002,0.006883
img_01505.jpg,0.000268,0.049713,0.005061,0.000177,0.437616,0.003041,0.000794,0.503330
img_01511.jpg,0.989228,0.000789,0.006911,0.000453,0.002110,0.000424,0.000032,0.000054
img_01519.jpg,0.992064,0.002173,0.000053,0.000139,0.000290,0.002100,0.002975,0.000206
img_01530.jpg,0.834545,0.000077,0.001322,0.000278,0.161394,0.000335,0.000001,0.002049
img_01537.jpg,0.897176,0.000130,0.000195,0.000010,0.002039,0.000049,0.000001,0.100399
img_01538.jpg,0.144150,0.000011,0.000000,0.000000,0.000002,0.855836,0.000000,0.000000
img_01541.jpg,0.001464,0.003828,0.001453,0.000132,0.926592,0.000242,0.000355,0.065933
img_01543.jpg,0.848298,0.023419,0.003329,0.000090,0.123525,0.000476,0.000149,0.000714
img_01548.jpg,0.995164,0.000021,0.000023,0.000003,0.004652,0.000010,0.000000,0.000126
img_01552.jpg,0.999930,0.000005,0.000002,0.000000,0.000003,0.000060,0.000000,0.000000
img_01561.jpg,0.000013,0.000019,0.000000,0.000000,0.999918,0.000000,0.000000,0.000049
img_01562.jpg,0.516642,0.070100,0.000147,0.000012,0.000103,0.005281,0.004397,0.403318
img_01571.jpg,0.998371,0.000191,0.000043,0.000007,0.000064,0.000009,0.001293,0.000022
img_01593.jpg,0.995177,0.002074,0.000011,0.000007,0.000216,0.000887,0.000004,0.001625
img_01595.jpg,0.000020,0.000000,0.000000,0.000000,0.999979,0.000000,0.000000,0.000000
img_01616.jpg,0.862413,0.027958,0.000029,0.000018,0.000392,0.000314,0.000743,0.108132
img_01618.jpg,0.988006,0.002050,0.000769,0.000064,0.004277,0.001914,0.000011,0.002908
img_01627.jpg,0.898176,0.096705,0.000780,0.000036,0.000004,0.003941,0.000349,0.000010
img_01632.jpg,0.921921,0.002399,0.000191,0.000272,0.068924,0.000665,0.000033,0.005596
img_01633.jpg,0.789653,0.000108,0.000056,0.000037,0.003653,0.184540,0.017359,0.004593
img_01640.jpg,0.999898,0.000042,0.000001,0.000000,0.000027,0.000026,0.000002,0.000004
img_01646.jpg,0.877428,0.121606,0.000028,0.000007,0.000069,0.000573,0.000018,0.000270
img_01647.jpg,0.064968,0.000163,0.000435,0.000125,0.929482,0.000108,0.000733,0.003985
img_01649.jpg,0.856614,0.005228,0.002389,0.001196,0.005947,0.006598,0.000286,0.121742
img_01657.jpg,0.000066,0.052176,0.851621,0.000124,0.000232,0.000077,0.000153,0.095551
img_01669.jpg,0.235401,0.000094,0.002180,0.603458,0.013963,0.144396,0.000275,0.000233
img_01673.jpg,0.951155,0.036612,0.000029,0.000029,0.001696,0.000958,0.007262,0.002260
img_01681.jpg,0.227694,0.056903,0.035065,0.000775,0.010337,0.059379,0.017198,0.592649
img_01684.jpg,0.878476,0.025665,0.001616,0.000054,0.000988,0.005481,0.000240,0.087480
img_01685.jpg,0.918654,0.009997,0.001070,0.000060,0.019876,0.045497,0.000039,0.004808
img_01687.jpg,0.976797,0.001740,0.000029,0.000004,0.000013,0.000109,0.000020,0.021288
img_01688.jpg,0.348530,0.010206,0.000121,0.000055,0.004204,0.179928,0.012245,0.444712
img_01689.jpg,0.031102,0.004979,0.091273,0.000643,0.003309,0.011494,0.000049,0.857151
img_01716.jpg,0.000246,0.000133,0.000080,0.000014,0.998109,0.000027,0.000068,0.001323
img_01717.jpg,0.099469,0.000057,0.000005,0.000007,0.897808,0.000671,0.000158,0.001825
img_01724.jpg,0.997044,0.000043,0.000434,0.000013,0.000843,0.000371,0.000000,0.001251
img_01745.jpg,0.733510,0.002806,0.199632,0.004137,0.006937,0.049437,0.001832,0.001708
img_01771.jpg,0.966255,0.000503,0.013815,0.000112,0.000209,0.008663,0.000014,0.010430
img_01773.jpg,0.476225,0.007489,0.001080,0.000323,0.026150,0.002428,0.008220,0.478086
img_01781.jpg,0.540546,0.009766,0.014526,0.056070,0.244924,0.097487,0.003122,0.033559
img_01782.jpg,0.000107,0.000003,0.000005,0.000000,0.999862,0.000006,0.000005,0.000012
img_01802.jpg,0.397992,0.544008,0.000262,0.000385,0.002304,0.012888,0.000913,0.041247
img_01803.jpg,0.000000,0.000172,0.997579,0.000000,0.000001,0.000000,0.000000,0.002246
img_01824.jpg,0.935555,0.000034,0.000068,0.000041,0.000429,0.048810,0.014557,0.000506
img_01825.jpg,0.001107,0.997789,0.000019,0.000012,0.000294,0.000016,0.000377,0.000386
img_01831.jpg,0.570350,0.000548,0.002023,0.373293,0.014229,0.022078,0.001425,0.016054
img_01834.jpg,0.201987,0.004413,0.002047,0.000241,0.097690,0.000351,0.000056,0.693216
img_01847.jpg,0.678486,0.009207,0.000012,0.000010,0.000308,0.006498,0.000929,0.304551
img_01853.jpg,0.148538,0.174791,0.000022,0.000049,0.000407,0.000456,0.000035,0.675702
img_01856.jpg,0.997242,0.000777,0.000343,0.000014,0.000080,0.001276,0.000101,0.000167
img_01860.jpg,0.982975,0.005372,0.000488,0.000105,0.000219,0.004288,0.006292,0.000261
img_01862.jpg,0.999335,0.000016,0.000062,0.000011,0.000304,0.000064,0.000000,0.000207
img_01874.jpg,0.240113,0.015109,0.003220,0.000256,0.156791,0.401790,0.007302,0.175420
img_01888.jpg,0.007378,0.194891,0.001015,0.011354,0.000105,0.745824,0.035921,0.003513
img_01918.jpg,0.403557,0.000854,0.011231,0.431962,0.021082,0.012769,0.003829,0.114716
img_01930.jpg,0.991087,0.002408,0.001533,0.000053,0.000335,0.003250,0.000008,0.001324
img_01932.jpg,0.983006,0.000046,0.003617,0.000169,0.000936,0.008338,0.000616,0.003272
img_01955.jpg,0.000003,0.000010,0.000017,0.000389,0.000002,0.000039,0.028050,0.971491
img_01963.jpg,0.962449,0.000019,0.000167,0.000033,0.002932,0.000030,0.001691,0.032679
img_01966.jpg,0.926804,0.045880,0.000215,0.000014,0.000322,0.001547,0.000766,0.024452
img_01976.jpg,0.991081,0.003772,0.000020,0.000002,0.000778,0.000129,0.000003,0.004215
img_01983.jpg,0.277140,0.001433,0.000182,0.000068,0.717892,0.001677,0.000036,0.001572
img_01984.jpg,0.232143,0.149429,0.000023,0.000001,0.000010,0.000006,0.000016,0.618373
img_01995.jpg,0.106105,0.164460,0.002180,0.009365,0.002996,0.590836,0.003417,0.120641
img_01996.jpg,0.219444,0.000735,0.000584,0.000198,0.114177,0.560642,0.020813,0.083407
img_02001.jpg,0.857626,0.063732,0.000806,0.000226,0.009553,0.050923,0.001468,0.015666
img_02006.jpg,0.414298,0.006600,0.389024,0.001861,0.000243,0.002582,0.000090,0.185303
img_02066.jpg,0.995668,0.000049,0.000223,0.000011,0.000120,0.001059,0.000001,0.002868
img_02074.jpg,0.923908,0.059859,0.006593,0.000671,0.005517,0.000160,0.000011,0.003280
img_02076.jpg,0.295207,0.554658,0.001174,0.000593,0.038148,0.000352,0.000287,0.109582
img_02077.jpg,0.716922,0.001763,0.010298,0.156903,0.001171,0.109891,0.000114,0.002938
img_02078.jpg,0.000012,0.000009,0.016243,0.000001,0.980180,0.000000,0.000000,0.003554
img_02082.jpg,0.293725,0.011805,0.115614,0.000331,0.236997,0.001130,0.037199,0.303198
img_02083.jpg,0.130595,0.021453,0.001621,0.000342,0.695423,0.135049,0.003485,0.012032
img_02096.jpg,0.597511,0.000052,0.000004,0.000009,0.000630,0.000136,0.000212,0.401446
img_02119.jpg,0.930793,0.000599,0.028511,0.000018,0.001228,0.000030,0.000019,0.038802
img_02124.jpg,0.047224,0.000041,0.000014,0.000016,0.102332,0.828103,0.022147,0.000123
img_02135.jpg,0.121678,0.085009,0.000079,0.000274,0.755810,0.001656,0.032198,0.003295
img_02146.jpg,0.571264,0.000094,0.000033,0.000017,0.128397,0.000051,0.000007,0.300136
img_02159.jpg,0.135465,0.043052,0.010897,0.001292,0.807923,0.000102,0.000117,0.001154
img_02172.jpg,0.989734,0.000242,0.001253,0.000049,0.001377,0.002546,0.000006,0.004793
img_02180.jpg,0.408746,0.001276,0.000917,0.000212,0.004267,0.479071,0.068581,0.036931
img_02188.jpg,0.374654,0.006143,0.000040,0.000046,0.000030,0.010022,0.000645,0.608420
img_02194.jpg,0.931702,0.000000,0.000001,0.000010,0.068282,0.000004,0.000000,0.000000
img_02209.jpg,0.254429,0.000108,0.000052,0.000064,0.037247,0.678502,0.021817,0.007782
img_02216.jpg,0.258166,0.114875,0.012248,0.000805,0.026907,0.152987,0.025251,0.408762
img_02231.jpg,0.518738,0.003111,0.009966,0.076274,0.047998,0.119492,0.123217,0.101204
img_02235.jpg,0.001695,0.014413,0.000779,0.007097,0.000575,0.925046,0.001951,0.048445
img_02252.jpg,0.975831,0.000008,0.000057,0.000034,0.020544,0.000007,0.003483,0.000038
img_02268.jpg,0.985487,0.004295,0.003269,0.000295,0.000272,0.006277,0.000022,0.000083
img_02270.jpg,0.897586,0.000002,0.000033,0.000005,0.001671,0.000013,0.000027,0.100663
img_02281.jpg,0.098803,0.038318,0.004881,0.719957,0.007107,0.078245,0.006251,0.046438
img_02282.jpg,0.000928,0.000017,0.026069,0.000002,0.000300,0.257623,0.000204,0.714858
img_02285.jpg,0.860237,0.000023,0.000170,0.000351,0.128606,0.007366,0.002813,0.000434
img_02291.jpg,0.999212,0.000010,0.000004,0.000001,0.000151,0.000059,0.000000,0.000562
img_02299.jpg,0.966176,0.005447,0.000365,0.000809,0.000192,0.000636,0.000013,0.026362
img_02305.jpg,0.000020,0.050402,0.000054,0.001751,0.000054,0.861328,0.000898,0.085493
img_02307.jpg,0.849656,0.009377,0.000227,0.000054,0.003116,0.013860,0.000470,0.123241
img_02309.jpg,0.999316,0.000040,0.000005,0.000001,0.000047,0.000552,0.000023,0.000016
img_02318.jpg,0.047667,0.075412,0.016278,0.001084,0.050064,0.323659,0.006813,0.479022
img_02347.jpg,0.632080,0.000898,0.000033,0.000024,0.045020,0.000093,0.000019,0.321833
img_02356.jpg,0.102350,0.013015,0.001885,0.026839,0.025713,0.004673,0.010726,0.814799
img_02367.jpg,0.855259,0.000987,0.000026,0.000091,0.000362,0.000003,0.000075,0.143197
img_02372.jpg,0.000285,0.000033,0.000002,0.000003,0.998157,0.000024,0.000006,0.001490
img_02379.jpg,0.993232,0.000701,0.002193,0.000160,0.000351,0.002249,0.000050,0.001064
img_02384.jpg,0.076160,0.000763,0.000093,0.000035,0.000254,0.021200,0.016380,0.885115
img_02398.jpg,0.602068,0.036623,0.188920,0.004570,0.005315,0.119818,0.005472,0.037215
img_02400.jpg,0.990748,0.000200,0.006054,0.000066,0.000714,0.001373,0.000006,0.000839
img_02406.jpg,0.127405,0.001580,0.024168,0.579901,0.000693,0.263426,0.000157,0.002670
img_02412.jpg,0.855834,0.054277,0.000240,0.000065,0.001004,0.045354,0.001403,0.041824
img_02416.jpg,0.149713,0.103792,0.002307,0.000091,0.171431,0.002484,0.000040,0.570142
img_02422.jpg,0.843621,0.063023,0.004184,0.000222,0.000922,0.058402,0.002054,0.027571
img_02479.jpg,0.000358,0.000001,0.000297,0.000205,0.999045,0.000070,0.000014,0.000010
img_02486.jpg,0.980849,0.006634,0.001338,0.000299,0.000132,0.007788,0.000099,0.002860
img_02487.jpg,0.997499,0.000269,0.000010,0.000005,0.001208,0.000001,0.000296,0.000711
img_02507.jpg,0.750380,0.005924,0.001480,0.000113,0.192456,0.044547,0.000603,0.004497
img_02522.jpg,0.969623,0.010948,0.000447,0.000070,0.014185,0.000025,0.001527,0.003175
img_02540.jpg,0.663120,0.003765,0.003356,0.000090,0.199352,0.127562,0.000062,0.002692
img_02546.jpg,0.439593,0.025526,0.038816,0.009656,0.105861,0.003844,0.000466,0.376237
img_02556.jpg,0.053241,0.098467,0.000275,0.000096,0.000045,0.016466,0.000071,0.831339
img_02560.jpg,0.000010,0.000002,0.000000,0.000000,0.999988,0.000000,0.000000,0.000000
img_02563.jpg,0.000000,0.000000,0.000000,0.000000,0.999994,0.000001,0.000000,0.000004
img_02565.jpg,0.879351,0.001822,0.000042,0.000007,0.000142,0.112556,0.000004,0.006076
img_02573.jpg,0.353192,0.256533,0.002071,0.000164,0.184783,0.006070,0.000054,0.197133
img_02574.jpg,0.216244,0.331614,0.000267,0.000158,0.010206,0.003439,0.032636,0.405436
img_02602.jpg,0.588696,0.015441,0.005297,0.001756,0.256405,0.000281,0.000146,0.131978
img_02607.jpg,0.365276,0.001565,0.000547,0.000076,0.613586,0.000012,0.000058,0.018881
img_02622.jpg,0.760899,0.019774,0.004726,0.000412,0.066111,0.128873,0.003967,0.015239
img_02625.jpg,0.485621,0.000162,0.000062,0.000037,0.076763,0.302246,0.132172,0.002937
img_02636.jpg,0.707649,0.097607,0.001166,0.000034,0.037202,0.000227,0.000578,0.155537
img_02638.jpg,0.998214,0.000053,0.000009,0.000009,0.000020,0.000001,0.000000,0.001692
img_02641.jpg,0.999458,0.000002,0.000038,0.000002,0.000062,0.000015,0.000001,0.000423
img_02646.jpg,0.019033,0.019835,0.001241,0.000143,0.002282,0.003373,0.000075,0.954018
img_02648.jpg,0.007335,0.003094,0.189984,0.021462,0.003147,0.510612,0.000120,0.264246
img_02651.jpg,0.753435,0.062094,0.033916,0.000024,0.149977,0.000021,0.000006,0.000525
img_02656.jpg,0.925222,0.004136,0.000080,0.000412,0.000236,0.001915,0.003497,0.064501
img_02666.jpg,0.997431,0.000410,0.000054,0.000012,0.000572,0.000982,0.000003,0.000537
img_02679.jpg,0.275257,0.371281,0.006505,0.001090,0.295995,0.010838,0.000456,0.038579
img_02687.jpg,0.032875,0.031747,0.002787,0.000507,0.027970,0.112868,0.020345,0.770901
img_02699.jpg,0.544445,0.001357,0.000192,0.000104,0.246602,0.004369,0.000551,0.202379
img_02702.jpg,0.995283,0.000012,0.000010,0.000078,0.001930,0.000027,0.002581,0.000080
img_02703.jpg,0.218371,0.018033,0.008250,0.001878,0.300084,0.011597,0.019264,0.422522
img_02709.jpg,0.901631,0.000998,0.014360,0.008390,0.065425,0.004754,0.000126,0.004315
img_02726.jpg,0.622306,0.003792,0.000727,0.000090,0.345486,0.026460,0.000012,0.001128
img_02733.jpg,0.682888,0.001397,0.080960,0.016507,0.160610,0.054572,0.000721,0.002346
img_02734.jpg,0.960135,0.000414,0.000251,0.000118,0.000796,0.012500,0.000022,0.025763
img_02739.jpg,0.999708,0.000016,0.000002,0.000001,0.000024,0.000168,0.000021,0.000060
img_02749.jpg,0.378877,0.000822,0.002258,0.556314,0.015625,0.012484,0.000056,0.033564
img_02759.jpg,0.027524,0.000358,0.002214,0.000153,0.000071,0.000265,0.000001,0.969415
img_02764.jpg,0.956646,0.000000,0.000003,0.000024,0.043262,0.000046,0.000017,0.000001
img_02766.jpg,0.999779,0.000060,0.000006,0.000001,0.000135,0.000009,0.000000,0.000010
img_02769.jpg,0.018223,0.005453,0.001667,0.000094,0.000278,0.000122,0.000001,0.974162
img_02771.jpg,0.948654,0.001075,0.000419,0.004229,0.000069,0.043622,0.001572,0.000361
img_02789.jpg,0.181631,0.027423,0.023219,0.000525,0.331286,0.009046,0.220845,0.206025
img_02799.jpg,0.993372,0.003269,0.000021,0.000004,0.002323,0.000896,0.000010,0.000104
img_02808.jpg,0.882141,0.017613,0.069874,0.000578,0.027179,0.001070,0.000113,0.001433
img_02811.jpg,0.979814,0.000113,0.000392,0.000198,0.002700,0.016159,0.000092,0.000532
img_02830.jpg,0.130722,0.022220,0.005518,0.000970,0.000276,0.256681,0.008386,0.575226
img_02834.jpg,0.133080,0.000047,0.000001,0.000000,0.000002,0.000017,0.000010,0.866843
img_02837.jpg,0.562084,0.161772,0.001343,0.008111,0.013434,0.029746,0.002763,0.220746
img_02838.jpg,0.987387,0.005836,0.002070,0.000048,0.000763,0.002120,0.000012,0.001764
img_02842.jpg,0.158179,0.000026,0.000016,0.000007,0.001076,0.838709,0.001774,0.000213
img_02857.jpg,0.525653,0.318191,0.001377,0.002624,0.105481,0.000787,0.012245,0.033641
img_02865.jpg,0.000617,0.076605,0.006205,0.000382,0.442759,0.007790,0.010496,0.455146
img_02871.jpg,0.071528,0.016408,0.001876,0.000536,0.000104,0.384038,0.001468,0.524043
img_02876.jpg,0.213979,0.004363,0.001742,0.000063,0.001603,0.001550,0.000463,0.776237
img_02889.jpg,0.851677,0.002165,0.002443,0.003399,0.132096,0.000924,0.000269,0.007027
img_02890.jpg,0.545859,0.007711,0.010694,0.000862,0.002490,0.399554,0.026218,0.006613
img_02899.jpg,0.836127,0.024528,0.005235,0.003175,0.000717,0.124473,0.001726,0.004018
img_02904.jpg,0.996906,0.000028,0.000085,0.000012,0.000490,0.000004,0.000011,0.002464
img_02911.jpg,0.001710,0.001109,0.022949,0.233171,0.007049,0.188083,0.000219,0.545709
img_02916.jpg,0.946259,0.020587,0.009506,0.000155,0.000578,0.005122,0.000153,0.017641
img_02920.jpg,0.957919,0.013812,0.001896,0.000394,0.000714,0.023699,0.001174,0.000393
img_02943.jpg,0.995566,0.000454,0.000071,0.000115,0.000560,0.002105,0.000057,0.001073
img_02949.jpg,0.979986,0.000312,0.017377,0.000382,0.000222,0.000451,0.000003,0.001267
img_02954.jpg,0.082570,0.139051,0.113700,0.000576,0.258682,0.057136,0.020750,0.327536
img_02956.jpg,0.986120,0.000160,0.000037,0.000003,0.003020,0.000647,0.000002,0.010011
img_02964.jpg,0.000650,0.139292,0.045192,0.000064,0.001971,0.002423,0.000035,0.810373
img_02974.jpg,0.997660,0.000009,0.000005,0.000003,0.000671,0.000001,0.001515,0.000136
img_02977.jpg,0.154917,0.797540,0.000051,0.000273,0.046306,0.000025,0.000334,0.000553
img_02993.jpg,0.000949,0.000216,0.000281,0.000003,0.000017,0.000018,0.000001,0.998516
img_03014.jpg,0.000511,0.037338,0.000595,0.000061,0.652762,0.000049,0.000020,0.308664
img_03043.jpg,0.039742,0.008051,0.096105,0.019927,0.011873,0.004149,0.000373,0.819779
img_03055.jpg,0.998940,0.000061,0.000036,0.000471,0.000034,0.000392,0.000052,0.000014
img_03064.jpg,0.592600,0.063681,0.008518,0.000480,0.019414,0.249652,0.054873,0.010782
img_03069.jpg,0.148017,0.318155,0.000268,0.000188,0.000213,0.173318,0.150516,0.209324
img_03074.jpg,0.997069,0.001137,0.000006,0.000003,0.000034,0.000178,0.000008,0.001564
img_03078.jpg,0.670388,0.024842,0.004628,0.000478,0.000460,0.286293,0.000539,0.012373
img_03080.jpg,0.996087,0.000001,0.000019,0.000033,0.002661,0.000048,0.001144,0.000006
img_03082.jpg,0.318870,0.083095,0.039149,0.012250,0.011713,0.102856,0.343990,0.088077
img_03087.jpg,0.039910,0.000656,0.000370,0.000256,0.568182,0.387341,0.001987,0.001298
img_03116.jpg,0.005444,0.004464,0.000145,0.000089,0.144665,0.001328,0.000020,0.843846
img_03128.jpg,0.891327,0.020010,0.000012,0.000009,0.000005,0.000037,0.000006,0.088594
img_03135.jpg,0.020261,0.025504,0.000004,0.000252,0.000015,0.000176,0.000020,0.953767
img_03140.jpg,0.534423,0.048396,0.010780,0.007378,0.218112,0.031968,0.000492,0.148452
img_03166.jpg,0.505769,0.449933,0.000190,0.000253,0.001305,0.014588,0.002025,0.025938
img_03169.jpg,0.000004,0.138556,0.788624,0.000063,0.000485,0.000046,0.000003,0.072218
img_03181.jpg,0.654675,0.002588,0.000773,0.000026,0.018339,0.300220,0.000050,0.023330
img_03195.jpg,0.837265,0.119909,0.000020,0.000029,0.000062,0.001128,0.000007,0.041579
img_03199.jpg,0.998851,0.000107,0.000001,0.000001,0.000002,0.000000,0.000002,0.001035
img_03210.jpg,0.001802,0.031311,0.093896,0.004032,0.086847,0.003548,0.000046,0.778518
img_03220.jpg,0.747673,0.000235,0.000188,0.000187,0.001508,0.049605,0.000090,0.200513
img_03222.jpg,0.691598,0.000474,0.000058,0.000009,0.000559,0.007166,0.000026,0.300111
img_03223.jpg,0.434505,0.113081,0.003967,0.052811,0.019074,0.036023,0.161193,0.179346
img_03228.jpg,0.803984,0.000106,0.000311,0.000107,0.000157,0.000387,0.000002,0.194947
img_03229.jpg,0.826476,0.016809,0.000301,0.000088,0.000591,0.102598,0.026059,0.027078
img_03231.jpg,0.851884,0.006953,0.029847,0.004303,0.003486,0.001041,0.000795,0.101692
img_03238.jpg,0.717840,0.148580,0.001103,0.000106,0.009491,0.047907,0.000127,0.074845
img_03239.jpg,0.000406,0.000961,0.000086,0.000038,0.000110,0.001484,0.995679,0.001235
img_03252.jpg,0.999828,0.000002,0.000000,0.000000,0.000059,0.000000,0.000000,0.000110
img_03254.jpg,0.144120,0.000246,0.000049,0.000043,0.002334,0.698022,0.139190,0.015996
img_03260.jpg,0.962633,0.004501,0.001219,0.000067,0.017269,0.012221,0.000014,0.002075
img_03261.jpg,0.978603,0.008372,0.008518,0.000775,0.002003,0.000867,0.000010,0.000852
img_03270.jpg,0.450483,0.102570,0.001859,0.001722,0.056936,0.001874,0.002064,0.382493
img_03283.jpg,0.248769,0.049504,0.003648,0.001095,0.002028,0.041290,0.045192,0.608474
img_03290.jpg,0.774327,0.004881,0.018021,0.000226,0.000768,0.031932,0.001873,0.167973
img_03297.jpg,0.981439,0.000345,0.004007,0.000292,0.000420,0.004553,0.000035,0.008909
img_03310.jpg,0.818859,0.000231,0.000411,0.000296,0.006764,0.073350,0.000085,0.100004
img_03312.jpg,0.986279,0.001699,0.000029,0.000009,0.000015,0.000007,0.000013,0.011949
img_03324.jpg,0.043225,0.001265,0.000238,0.000049,0.206881,0.000001,0.000003,0.748337
img_03333.jpg,0.997991,0.000005,0.000005,0.000001,0.000010,0.001545,0.000424,0.000019
img_03342.jpg,0.994675,0.002436,0.000002,0.000002,0.000001,0.001923,0.000001,0.000961
img_03346.jpg,0.224542,0.001944,0.001180,0.000056,0.001017,0.739022,0.000012,0.032225
img_03355.jpg,0.573588,0.010823,0.000204,0.000047,0.002799,0.000743,0.000827,0.410969
img_03361.jpg,0.001725,0.994744,0.000137,0.000006,0.000047,0.000044,0.000024,0.003272
img_03370.jpg,0.727864,0.006484,0.000009,0.000006,0.000008,0.000178,0.000023,0.265428
img_03399.jpg,0.949810,0.000268,0.000132,0.000075,0.000929,0.048613,0.000033,0.000141
img_03410.jpg,0.180416,0.000144,0.000826,0.000091,0.802051,0.000207,0.000041,0.016224
img_03422.jpg,0.895494,0.094122,0.005045,0.000354,0.004553,0.000106,0.000001,0.000325
img_03426.jpg,0.666072,0.000468,0.000095,0.000092,0.003057,0.007376,0.245625,0.077215
img_03439.jpg,0.245220,0.000447,0.001533,0.697905,0.005430,0.033988,0.000267,0.015209
img_03440.jpg,0.006489,0.003692,0.001504,0.000058,0.045370,0.000021,0.000002,0.942863
img_03444.jpg,0.826229,0.158890,0.000291,0.000040,0.001669,0.004897,0.000005,0.007977
img_03445.jpg,0.206856,0.000013,0.000005,0.000003,0.792924,0.000001,0.000067,0.000131
img_03446.jpg,0.000007,0.217193,0.765708,0.000014,0.000425,0.000085,0.000025,0.016541
img_03452.jpg,0.016914,0.977078,0.000830,0.000006,0.000347,0.000014,0.000036,0.004776
img_03454.jpg,0.945504,0.000011,0.000038,0.000076,0.051400,0.002687,0.000183,0.000101
img_03456.jpg,0.001089,0.017711,0.000187,0.000046,0.870417,0.000030,0.000011,0.110509
img_03457.jpg,0.995889,0.000044,0.000386,0.000047,0.002995,0.000264,0.000001,0.000373
img_03471.jpg,0.471037,0.000991,0.004412,0.388332,0.023445,0.022171,0.006965,0.082647
img_03475.jpg,0.124202,0.000137,0.001214,0.000281,0.829765,0.004362,0.004376,0.035662
img_03488.jpg,0.931016,0.063828,0.000039,0.000004,0.000002,0.001130,0.000128,0.003853
img_03490.jpg,0.384481,0.163841,0.002131,0.000114,0.104817,0.005613,0.000038,0.338965
img_03502.jpg,0.095810,0.030712,0.003317,0.000096,0.002876,0.756323,0.000070,0.110795
img_03504.jpg,0.578367,0.023250,0.001328,0.000025,0.191095,0.172694,0.000035,0.033207
img_03520.jpg,0.992788,0.003216,0.000881,0.000020,0.001317,0.000377,0.000009,0.001392
img_03527.jpg,0.000043,0.291178,0.409053,0.000022,0.002934,0.000284,0.000025,0.296460
img_03547.jpg,0.997081,0.000907,0.000247,0.001599,0.000063,0.000092,0.000003,0.000008
img_03548.jpg,0.767552,0.128272,0.000091,0.000068,0.000053,0.017833,0.000380,0.085751
img_03554.jpg,0.996990,0.001986,0.000027,0.000004,0.000388,0.000501,0.000005,0.000099
img_03563.jpg,0.320747,0.018834,0.006252,0.001687,0.002077,0.439017,0.053571,0.157816
img_03581.jpg,0.643727,0.000156,0.000814,0.338659,0.003789,0.008472,0.000051,0.004331
img_03584.jpg,0.006440,0.014317,0.126246,0.000333,0.024767,0.001086,0.001259,0.825550
img_03587.jpg,0.001012,0.000050,0.000000,0.000001,0.000001,0.000004,0.000000,0.998932
img_03588.jpg,0.252086,0.000152,0.000163,0.000082,0.036579,0.700438,0.005102,0.005397
img_03602.jpg,0.044198,0.000025,0.000028,0.000008,0.000266,0.950125,0.004478,0.000871
img_03627.jpg,0.999714,0.000008,0.000002,0.000001,0.000199,0.000004,0.000000,0.000073
img_03628.jpg,0.984047,0.000557,0.006218,0.000190,0.003068,0.005013,0.000713,0.000195
img_03652.jpg,0.882560,0.000000,0.000001,0.000009,0.117419,0.000005,0.000005,0.000001
img_03670.jpg,0.931112,0.000004,0.000043,0.000053,0.064476,0.004144,0.000087,0.000081
img_03674.jpg,0.052214,0.008068,0.002090,0.000945,0.929485,0.000663,0.000067,0.006468
img_03677.jpg,0.995424,0.003513,0.000018,0.000002,0.000009,0.000202,0.000039,0.000795
img_03711.jpg,0.893096,0.000045,0.000048,0.000009,0.000016,0.000033,0.000005,0.106747
img_03715.jpg,0.473906,0.000471,0.002496,0.398420,0.013334,0.007109,0.002636,0.101628
img_03718.jpg,0.878447,0.000155,0.000615,0.000654,0.002623,0.117253,0.000014,0.000239
img_03726.jpg,0.003286,0.199110,0.000464,0.000898,0.000878,0.582866,0.003038,0.209460
img_03739.jpg,0.000885,0.000102,0.000716,0.000101,0.000454,0.001098,0.006008,0.990634
img_03749.jpg,0.213565,0.000430,0.000513,0.000123,0.003425,0.611763,0.009062,0.161119
img_03750.jpg,0.621037,0.226014,0.000234,0.000109,0.005223,0.010360,0.036334,0.100689
img_03760.jpg,0.476272,0.004044,0.000036,0.000024,0.000357,0.435786,0.026795,0.056686
img_03764.jpg,0.800415,0.034940,0.000224,0.000013,0.000252,0.000234,0.000071,0.163851
