image,ALB,BET,DOL,LAG,NoF,OTHER,SHARK,YFT
img_00005.jpg,1.1e-05,3e-05,0.001129,0.00055,0.996208,0.000616,0.001441,1.6e-05
img_00007.jpg,0.004231,0.012187,0.003401,0.005593,6e-06,0.007042,0.004026,0.963515
img_00009.jpg,0.998758,0.000482,1.7e-05,7e-06,3e-06,0.000623,1.5e-05,9.4e-05
img_00018.jpg,0.844273,0.018536,0.002117,0.004946,0.000831,0.128191,0.00024,0.000866
img_00027.jpg,0.066166,0.025832,0.005058,0.001323,0.008249,0.044604,0.000425,0.848342
img_00030.jpg,0.356021,0.007663,0.01428,0.006809,0.164282,0.047697,0.17324,0.230007
img_00040.jpg,0.411469,0.181972,0.004132,0.006491,0.031636,0.140253,0.191189,0.032858
img_00046.jpg,0.932955,0.00193,0.00224,0.000122,0.060125,0.000268,0.000739,0.001621
img_00053.jpg,0.985452,5.3e-05,0.005852,0.000221,0.002234,0.005783,0.000289,0.000116
img_00071.jpg,0.000795,0.000411,0.000787,0.953183,0.001001,0.037613,0.002439,0.003772
img_00075.jpg,0.034223,0.008465,0.003615,0.00158,0.001968,0.946941,0.002973,0.000235
img_00102.jpg,0.188511,0.301699,0.007677,0.009772,0.003341,0.080428,0.00149,0.407083
img_00103.jpg,0.998235,1.5e-05,9.6e-05,0.000125,0.000295,0.00103,4e-05,0.000165
img_00109.jpg,0.913279,0.000226,0.00358,0.00193,0.076428,0.000313,0.002932,0.001312
img_00119.jpg,0.003764,0.133888,0.012576,0.053796,0.677528,0.019192,0.017079,0.082178
img_00120.jpg,0.416718,0.037417,0.001393,0.000452,0.000236,0.001503,0.012763,0.529517
img_00125.jpg,0.285394,0.034487,0.043096,0.008798,0.000143,0.614834,0.005257,0.007991
img_00128.jpg,0.001961,0.027285,0.803967,0.001093,0.000171,0.037851,0.002022,0.12565
img_00129.jpg,0.369864,0.13508,0.003326,0.010391,0.010265,0.186335,0.186103,0.098636
img_00133.jpg,0.000684,0.000753,0.001571,0.00181,0.98514,0.008034,0.001275,0.000733
img_00138.jpg,0.958271,0.001179,0.005908,0.001029,0.018157,0.009462,0.000825,0.005168
img_00141.jpg,0.0,1e-06,5.6e-05,1e-06,0.0,0.0,1e-06,0.999943
img_00152.jpg,0.0003,0.001943,0.001342,0.004434,0.00064,0.033627,0.001964,0.95575
img_00161.jpg,0.0,3.2e-05,3.7e-05,7e-06,0.0,1.4e-05,9e-06,0.9999
img_00164.jpg,0.057302,0.09215,0.247506,0.018586,0.241383,0.059153,0.078492,0.205427
img_00170.jpg,0.357521,0.001759,0.001969,0.1238,0.0021,0.47549,0.000475,0.036885
img_00171.jpg,0.904194,0.000139,0.002314,0.005802,0.001749,0.084139,0.000358,0.001304
img_00172.jpg,3.9e-05,5e-06,0.000138,0.000398,0.998707,2.8e-05,0.000683,1e-06
img_00175.jpg,0.733558,0.00043,0.004398,0.013376,0.001987,0.242932,0.000675,0.002645
img_00180.jpg,0.00047,3e-05,0.00101,0.001322,0.005481,0.000222,0.001137,0.990327
img_00196.jpg,0.000863,0.09752,0.005283,0.184743,0.647892,0.034975,0.022748,0.005975
img_00212.jpg,0.000777,0.000123,0.000329,0.001122,5e-06,0.00047,0.000122,0.997053
img_00223.jpg,0.858199,0.000492,0.029003,0.001216,0.00078,0.109606,0.000341,0.000363
img_00230.jpg,0.980455,0.012572,0.001657,0.000723,2.1e-05,0.003372,0.000131,0.001069
img_00232.jpg,4e-06,0.000544,0.000324,0.000102,0.000125,0.000209,0.998598,9.3e-05
img_00244.jpg,0.572037,0.10594,0.004326,0.004886,0.000121,0.051575,0.005538,0.255576
img_00272.jpg,0.231588,0.12362,0.397097,0.023892,0.000326,0.072621,0.010082,0.140774
img_00280.jpg,0.763147,0.000345,0.004595,0.001335,0.214508,0.013172,0.002415,0.000483
img_00282.jpg,0.767701,0.000253,0.003214,0.034489,0.003421,0.188645,0.001073,0.001204
img_00285.jpg,0.9805,0.015065,4.1e-05,4.2e-05,0.000189,0.000225,0.000287,0.003652
img_00289.jpg,0.827988,0.000507,0.000377,0.000607,0.16135,0.008447,0.000687,3.8e-05
img_00292.jpg,0.965039,0.002195,0.000159,0.000138,0.000649,0.005398,0.000168,0.026253
img_00302.jpg,0.15708,0.225952,0.005356,0.00794,0.006434,0.111818,0.415907,0.069512
img_00311.jpg,0.998485,0.000548,1e-05,1.2e-05,0.000354,1.5e-05,1.6e-05,0.00056
img_00320.jpg,0.845161,0.08622,0.017357,0.001041,0.002998,0.015728,0.030302,0.001193
img_00331.jpg,0.113316,0.001662,0.001149,0.000192,0.036235,0.705011,0.001979,0.140456
img_00358.jpg,0.914124,0.024181,0.000118,0.000874,0.000145,0.035393,0.002718,0.022447
img_00374.jpg,0.916334,0.002901,0.00816,0.00024,0.001046,0.068351,0.000368,0.0026
img_00375.jpg,0.073394,0.024079,0.248896,0.098151,0.069411,0.473918,0.008876,0.003274
img_00376.jpg,0.866756,0.001289,0.004943,0.001143,0.024374,0.028551,0.030306,0.042638
img_00380.jpg,0.855391,0.00203,0.013914,0.00547,0.075565,0.046977,0.000585,6.7e-05
img_00383.jpg,0.997512,0.000836,4.7e-05,0.000115,0.000495,0.000248,0.000199,0.000547
img_00398.jpg,0.686626,0.005887,0.002673,0.001614,0.002573,0.0239,0.147733,0.128993
img_00407.jpg,0.99607,0.000184,0.000119,0.000885,0.000145,0.002556,3.1e-05,1.2e-05
img_00417.jpg,0.007612,0.000119,0.000369,0.00101,6.4e-05,0.000875,0.000104,0.989846
img_00432.jpg,0.319594,0.00393,0.009143,0.005404,0.003065,0.657523,0.000592,0.000748
img_00442.jpg,4e-06,0.000105,0.001509,0.000113,2e-06,0.000124,5.8e-05,0.998085
img_00446.jpg,0.672677,0.021419,0.003993,0.016501,0.028956,0.191524,0.003672,0.061259
img_00469.jpg,0.302952,0.060546,0.009856,0.005786,0.006299,0.492041,0.120038,0.002482
img_00473.jpg,0.975983,0.002642,0.000736,0.000421,0.007257,0.000161,0.000166,0.012633
img_00483.jpg,0.994418,0.000175,9e-05,1.5e-05,0.0015,5e-06,0.000101,0.003696
img_00484.jpg,0.233989,0.021916,0.012942,0.030389,0.012562,0.004114,0.059294,0.624794
img_00486.jpg,0.450187,0.0245,0.439541,0.020035,0.007906,0.046674,0.00866,0.002498
img_00487.jpg,2.8e-05,0.00017,0.000754,0.000148,0.996969,9.6e-05,0.001734,0.000101
img_00493.jpg,0.009705,0.001879,0.003964,0.008238,0.907054,0.044164,0.000606,0.02439
img_00518.jpg,0.82452,0.004158,0.017548,0.006016,0.096551,0.021444,0.014901,0.014862
img_00533.jpg,0.024059,0.024092,0.000832,0.002096,0.000302,0.007102,0.000612,0.940906
img_00538.jpg,0.950644,0.000383,0.00207,0.001972,0.005708,0.015577,0.001175,0.02247
img_00543.jpg,0.999161,0.000286,5e-06,9e-06,0.000119,1.1e-05,8e-06,0.000402
img_00550.jpg,0.091108,0.001886,0.015185,0.007563,0.00229,0.877642,0.004018,0.000307
img_00551.jpg,0.947092,0.002016,0.001798,0.001717,0.010095,0.036742,0.00049,5e-05
img_00564.jpg,0.005673,0.000641,0.000484,0.002059,0.980738,0.007501,0.000294,0.00261
img_00575.jpg,0.427039,0.005726,0.001875,0.001052,0.006432,0.023594,0.016405,0.517877
img_00582.jpg,0.728433,0.154301,0.008765,0.004207,0.005913,0.088171,0.004367,0.005844
img_00584.jpg,0.996778,0.000109,0.000398,7.1e-05,0.000995,0.00033,9e-06,0.001311
img_00587.jpg,0.086689,0.036402,0.003346,0.002753,0.000505,0.021993,0.000138,0.848175
img_00590.jpg,0.017534,0.00255,0.000226,0.000853,5.5e-05,0.000651,9.3e-05,0.978038
img_00591.jpg,0.874434,0.010242,0.001048,0.000288,0.001268,0.002574,0.000206,0.10994
img_00598.jpg,0.959591,0.00399,0.005418,0.019168,0.001193,0.00535,0.000552,0.004738
img_00599.jpg,0.737636,0.078963,0.003092,0.000789,0.001379,0.009418,0.006473,0.16225
img_00612.jpg,0.355953,0.004429,0.006542,0.0004,0.002148,0.616167,0.013689,0.000673
img_00618.jpg,0.83548,0.000902,0.002488,0.00427,0.114999,0.036293,0.003999,0.001568
img_00620.jpg,0.979895,0.000105,0.01025,0.000493,0.003018,0.005912,0.000229,9.8e-05
img_00642.jpg,0.010555,0.000407,0.003522,0.93669,0.006874,0.039218,0.001906,0.000829
img_00646.jpg,0.000259,0.000497,0.003169,0.000299,7e-06,0.003047,0.000115,0.992608
img_00648.jpg,0.998695,0.000356,7e-06,1.3e-05,0.000196,9e-06,1e-05,0.000713
img_00650.jpg,0.674875,0.002262,0.001301,0.00019,0.02045,0.297425,0.003401,9.6e-05
img_00654.jpg,0.01842,0.004531,0.028987,0.003975,0.898504,0.042217,0.001959,0.001406
img_00664.jpg,0.981489,0.003604,0.004446,0.000166,0.00556,0.001258,0.000241,0.003237
img_00667.jpg,0.000519,0.078085,0.002676,0.032269,0.854861,0.011318,0.007531,0.01274
img_00676.jpg,0.001204,0.049393,0.00447,0.036424,0.839105,0.005181,0.011565,0.052659
img_00697.jpg,0.0,7.3e-05,0.020647,6.3e-05,1e-05,2e-06,3.2e-05,0.979175
img_00708.jpg,0.739044,0.002346,0.000926,0.000977,0.000717,0.212895,0.007593,0.035504
img_00716.jpg,0.085825,0.041434,0.003139,0.005807,0.005033,0.196277,0.465311,0.197175
img_00717.jpg,0.21891,0.312018,0.003704,0.008456,0.000318,0.451304,0.005101,0.000189
img_00718.jpg,0.212762,0.001258,0.001756,0.00343,0.002417,0.774972,0.001111,0.002294
img_00723.jpg,0.114738,0.090699,0.008213,0.015149,0.570124,0.009535,0.088915,0.102628
img_00724.jpg,0.027139,0.039767,0.066854,0.103608,0.002437,0.193998,0.121999,0.444199
img_00726.jpg,0.886463,0.006466,0.022876,0.000656,0.014082,0.064525,0.00425,0.000682
img_00729.jpg,0.825423,0.000454,0.001629,0.000661,0.153568,0.00295,0.014939,0.000376
img_00730.jpg,0.003745,0.004833,0.000148,9.8e-05,5e-06,9e-06,8.9e-05,0.991074
img_00757.jpg,0.993443,0.000362,0.000348,0.000209,0.001252,0.003852,0.00016,0.000374
img_00760.jpg,0.012694,0.006739,0.002274,0.807947,0.000528,0.168422,0.000761,0.000637
img_00763.jpg,0.000293,0.002462,0.001676,0.002059,0.989368,0.000409,0.001782,0.001951
img_00764.jpg,0.000181,0.018674,0.278048,0.002936,0.005444,0.000232,0.000473,0.694012
img_00765.jpg,0.002912,0.088335,0.00028,0.010835,0.000128,0.859844,0.000288,0.037378
img_00772.jpg,2.8e-05,0.004292,0.37539,0.000736,9.3e-05,0.004136,0.000201,0.615124
img_00773.jpg,0.029304,0.002229,0.931015,0.016121,0.006609,0.007364,0.000931,0.006427
img_00777.jpg,0.076757,0.011787,0.001097,0.001933,0.007601,0.890254,0.010493,7.7e-05
img_00780.jpg,0.0,0.0,0.0,1.0,0.0,0.0,0.0,0.0
img_00798.jpg,0.629616,0.25252,0.020947,0.001365,0.000933,0.082474,0.006613,0.005531
img_00808.jpg,0.977498,0.003245,0.001229,0.004042,0.000521,0.006186,0.000322,0.006956
img_00816.jpg,0.995806,3.2e-05,0.000508,0.000118,0.000661,0.001807,8.6e-05,0.000982
img_00828.jpg,1.4e-05,0.000394,1.9e-05,0.000423,0.998872,4.7e-05,0.000158,7.4e-05
img_00833.jpg,0.028921,0.00681,0.000578,0.000677,0.000129,0.093491,0.001268,0.868128
img_00837.jpg,0.962125,0.001395,0.004594,0.00147,0.014167,0.015329,0.000789,0.000131
img_00855.jpg,0.475059,0.00239,0.001111,0.005895,0.001649,0.002804,0.001775,0.509317
img_00857.jpg,0.845774,0.092546,0.011375,0.00152,0.004277,0.015106,0.025796,0.003606
img_00858.jpg,0.991929,0.001675,0.000103,0.00038,0.001745,0.000725,6.6e-05,0.003377
img_00865.jpg,0.966599,0.010366,0.003914,0.001367,0.000277,0.015795,0.001215,0.000466
img_00876.jpg,0.000762,0.011944,0.002706,0.033896,0.934373,0.002885,0.002705,0.010728
img_00889.jpg,0.009361,0.067699,0.394554,0.001914,0.001236,0.181314,0.010808,0.333114
img_00894.jpg,0.985297,0.000465,0.001282,0.001114,0.008825,0.000442,0.001244,0.001332
img_00902.jpg,1e-06,0.000484,0.000273,0.000126,0.000201,0.000102,0.998754,5.8e-05
img_00914.jpg,8e-06,0.014833,0.003325,5.8e-05,0.000146,0.000215,0.000232,0.981185
img_00921.jpg,0.375624,0.007949,0.002231,0.000637,0.019661,0.497042,0.003458,0.093398
img_00927.jpg,0.218144,0.038186,0.000228,0.00119,0.000124,0.000974,0.00033,0.740824
img_00943.jpg,0.996341,0.000216,0.000201,6.6e-05,0.001948,5e-05,0.000967,0.000211
img_00948.jpg,0.214238,0.012644,0.066976,0.02903,0.386065,0.206977,0.007629,0.076441
img_00950.jpg,0.001219,0.005542,0.031172,0.003742,0.943809,0.009867,0.000853,0.003797
img_00959.jpg,0.971569,0.0004,0.000232,0.000255,0.026307,0.000268,0.000566,0.000404
img_00962.jpg,3.2e-05,0.003964,0.003401,0.000216,1.3e-05,0.000847,2.9e-05,0.991498
img_00964.jpg,4.6e-05,0.00348,0.981852,0.000168,0.000113,0.013498,0.000197,0.000647
img_00966.jpg,0.951336,0.009564,0.001447,0.00042,0.022822,0.000482,0.000789,0.013139
img_00974.jpg,0.055431,0.858347,0.005759,0.042436,0.000422,0.008325,0.003216,0.026065
img_00979.jpg,0.012882,0.003957,0.619615,0.000658,0.000425,0.107501,0.007539,0.247423
img_00982.jpg,0.143366,0.135704,0.029674,0.031241,0.060767,0.00486,0.010885,0.583502
img_00985.jpg,0.96224,0.005367,0.000291,0.000479,0.002232,0.012923,0.000286,0.016182
img_00999.jpg,0.992897,0.000211,7e-06,2e-06,3.3e-05,2.4e-05,9e-06,0.006817
img_01022.jpg,0.066746,0.001777,0.056856,0.179144,0.303065,0.386594,0.00551,0.00031
img_01031.jpg,0.670749,0.000466,0.058851,0.002597,0.001931,0.264289,0.000831,0.000286
img_01035.jpg,0.565783,0.009578,0.003056,0.001833,0.015319,0.394516,0.009782,0.000134
img_01043.jpg,7.7e-05,1.5e-05,6.5e-05,6.8e-05,0.999242,0.000242,0.000289,4e-06
img_01058.jpg,0.808843,0.028739,0.011803,0.000704,0.018575,0.001457,0.002909,0.126971
img_01059.jpg,0.438816,0.032011,0.00191,0.000855,0.000266,0.509443,0.013821,0.002878
img_01090.jpg,0.176015,0.118465,0.044461,0.010329,0.61475,0.003896,0.00621,0.025874
img_01102.jpg,0.053984,0.511256,0.040688,0.005406,0.005264,0.001491,0.005009,0.376901
img_01103.jpg,0.697446,0.11444,0.010087,0.004254,0.003244,0.000342,0.005361,0.164825
img_01116.jpg,0.897894,0.079983,0.006712,0.009031,0.000138,0.003976,0.001564,0.000703
img_01134.jpg,0.495002,0.001629,0.001963,0.004205,0.010638,0.483919,0.002377,0.000267
img_01142.jpg,0.905276,0.000636,0.002433,0.00195,0.010416,0.040115,0.001677,0.037496
img_01168.jpg,1.3e-05,0.000729,0.00011,0.004036,4e-06,0.994599,0.000243,0.000267
img_01171.jpg,0.000311,0.00536,0.005875,0.003595,0.963145,0.000294,0.005405,0.016015
img_01177.jpg,0.939544,0.00032,0.001366,0.001086,0.036595,0.017204,0.000624,0.00326
img_01179.jpg,0.914592,0.000268,0.001855,0.012768,0.027882,0.041843,0.000358,0.000434
img_01188.jpg,0.001886,0.111837,0.000596,0.008562,0.000452,0.704831,0.000784,0.171051
img_01198.jpg,0.590308,0.115711,0.008855,0.002617,0.251051,0.001368,0.001731,0.028358
img_01204.jpg,0.001017,0.100347,0.003758,0.048149,0.788905,0.018456,0.014976,0.024393
img_01208.jpg,0.000358,0.001546,0.044016,0.000507,0.946445,0.004257,0.00152,0.001351
img_01211.jpg,0.896456,0.061553,0.004503,0.006268,0.001499,0.003377,0.008174,0.018169
img_01213.jpg,0.335448,0.036063,0.145422,0.187842,0.162467,0.073845,0.017195,0.041719
img_01222.jpg,0.107222,0.453189,0.021277,0.026461,0.00011,0.380467,0.006812,0.004463
img_01224.jpg,0.075704,0.02743,0.327382,0.003083,0.000358,0.154089,0.010883,0.40107
img_01237.jpg,0.01818,0.000662,0.006,0.002444,0.819381,0.014337,0.133839,0.005159
img_01249.jpg,0.027615,0.003859,0.024616,0.009216,0.919627,0.011624,0.003209,0.000234
img_01253.jpg,0.0,4.2e-05,2.1e-05,1.3e-05,0.0,7e-06,7e-06,0.999909
img_01286.jpg,0.095333,0.131876,0.032421,0.01566,0.145693,0.064194,0.051839,0.462984
img_01289.jpg,0.615108,0.183394,0.001206,0.000836,0.001532,0.18636,0.005342,0.006223
img_01325.jpg,0.481328,0.211716,0.00931,0.006714,0.258857,0.001503,0.006176,0.024397
img_01328.jpg,0.474101,0.032403,0.080147,0.056979,0.153805,0.022562,0.009615,0.170389
img_01366.jpg,0.724348,0.000395,0.001762,0.007539,0.002638,0.259991,0.000647,0.002682
img_01371.jpg,0.963126,0.009749,0.008495,0.000381,0.00338,0.005076,0.001351,0.008443
img_01373.jpg,0.180646,0.017945,0.084322,0.020905,0.387579,0.294821,0.008183,0.005598
img_01377.jpg,0.007466,0.00024,0.011771,0.007817,0.96725,0.002682,0.000154,0.002618
img_01379.jpg,0.994816,0.001025,0.000405,0.000193,0.002852,0.000566,2.8e-05,0.000114
img_01384.jpg,0.038107,0.000727,0.008779,0.002688,0.000965,0.947728,0.000912,9.3e-05
img_01388.jpg,0.330656,0.019404,0.002509,0.000493,0.001664,0.644644,0.000534,9.6e-05
img_01392.jpg,2.5e-05,0.059003,0.907211,0.000407,0.000439,0.001923,0.000261,0.030732
img_01399.jpg,0.000124,0.588028,0.248978,0.008483,0.011531,0.005722,0.001565,0.13557
img_01404.jpg,0.515683,0.022992,0.002963,0.327976,0.000829,0.106988,0.00575,0.016818
img_01405.jpg,0.621912,0.093073,0.012106,0.016949,0.009649,0.24279,0.003436,8.4e-05
img_01413.jpg,0.994605,3.1e-05,0.000488,0.000942,0.003211,0.000598,3.1e-05,9.5e-05
img_01426.jpg,0.059975,0.786439,0.00848,0.000818,8.2e-05,0.016399,0.002494,0.125312
img_01431.jpg,0.108931,0.011831,0.006382,0.567747,0.001732,0.298751,0.000873,0.003753
img_01441.jpg,0.0,0.001878,0.02611,0.00016,4.6e-05,0.003048,0.011528,0.957229
img_01444.jpg,0.028384,0.004037,0.00433,0.000957,0.000373,0.013386,0.000581,0.947953
img_01490.jpg,0.001523,0.006174,0.971698,0.00084,3e-05,0.011406,0.000106,0.008224
img_01495.jpg,0.940709,0.000297,0.000993,0.000999,0.000312,0.045473,0.00054,0.010678
img_01505.jpg,0.001999,0.151109,0.001091,0.012362,0.724241,0.002127,0.004206,0.102864
img_01511.jpg,0.880156,0.000362,0.011517,0.001116,0.056316,0.049907,0.000566,6e-05
img_01519.jpg,0.819098,0.013241,0.002495,0.002497,0.000283,0.154876,0.00175,0.005759
img_01530.jpg,0.741288,0.006919,0.054916,0.0036,0.07973,0.011074,0.018294,0.084177
img_01537.jpg,0.855856,0.000397,0.006614,0.000557,0.003744,0.13241,0.000328,9.5e-05
img_01538.jpg,0.004674,0.000914,0.000169,5.7e-05,8.6e-05,0.993613,0.000486,1e-06
img_01541.jpg,3.4e-05,0.007376,0.000315,0.004798,0.985275,0.000688,0.001184,0.00033
img_01543.jpg,0.983189,0.001637,0.004213,9.9e-05,0.002899,0.00091,6.4e-05,0.006989
img_01548.jpg,0.987472,2.1e-05,0.000169,8.9e-05,0.000648,0.001371,3.8e-05,0.010191
img_01552.jpg,0.96333,0.013421,0.007707,0.000847,0.001176,0.001423,0.008006,0.004089
img_01561.jpg,0.0,4.8e-05,0.000161,0.000869,0.997621,0.000642,0.000606,5.2e-05
img_01562.jpg,0.333623,0.04364,0.003406,0.00189,0.000835,0.000797,0.048416,0.567396
img_01571.jpg,0.99599,0.000306,0.000109,5.5e-05,0.000833,1.3e-05,0.000231,0.002463
img_01593.jpg,0.671487,0.034075,0.003443,0.002467,0.010808,0.067584,0.010627,0.199509
img_01595.jpg,4e-06,0.002381,0.003302,0.005314,0.982637,0.004709,0.001572,8.1e-05
img_01616.jpg,0.978263,0.001107,0.001456,0.000424,0.000169,0.013337,0.004978,0.000268
img_01618.jpg,0.752276,0.009316,0.006481,0.00293,0.096508,0.127948,0.002725,0.001816
img_01627.jpg,0.944123,0.017985,0.000914,0.000845,0.000177,0.034987,0.000941,2.9e-05
img_01632.jpg,0.970615,0.000328,0.000566,0.000583,0.019074,0.00204,0.000725,0.00607
img_01633.jpg,0.798668,0.001126,0.000603,6.8e-05,0.000941,0.192712,0.005562,0.00032
img_01640.jpg,0.997915,0.000419,1.2e-05,1.5e-05,0.000277,1.9e-05,1.1e-05,0.001334
img_01646.jpg,0.983268,0.006095,0.000343,0.003143,0.000347,0.000204,0.002009,0.004591
img_01647.jpg,0.802876,0.003169,0.006912,0.000319,0.14089,0.00014,0.00052,0.045175
img_01649.jpg,0.618026,0.000683,0.003267,0.011121,0.335087,0.02366,0.002116,0.00604
img_01657.jpg,0.0,0.005771,0.910446,0.00534,0.000911,0.000352,0.000107,0.077072
img_01669.jpg,0.047363,0.006142,0.007433,0.607554,0.00313,0.325465,0.000934,0.001978
img_01673.jpg,0.891457,0.038031,0.003192,0.001522,0.019384,0.016171,0.003708,0.026534
img_01681.jpg,0.006156,0.0144,0.008123,0.000177,8.6e-05,0.000865,0.000304,0.969889
img_01684.jpg,0.916794,0.013601,0.001177,0.037568,9.8e-05,0.009283,0.001577,0.019903
img_01685.jpg,0.24687,0.001385,0.012071,0.002333,0.053622,0.66964,0.002476,0.011602
img_01687.jpg,0.0467,0.008101,0.002604,0.000126,6.3e-05,0.001162,0.001182,0.940062
img_01688.jpg,0.883536,0.051304,0.000792,0.000429,0.001572,0.040769,0.007328,0.014269
img_01689.jpg,0.000457,0.005384,0.00904,0.005561,0.000428,0.531942,0.030476,0.416711
img_01716.jpg,0.000105,0.00053,0.000177,0.000724,0.997703,0.000247,0.000346,0.000168
img_01717.jpg,0.155861,0.086765,0.009796,0.01413,0.542456,0.009031,0.086278,0.095683
img_01724.jpg,0.57347,0.000597,0.006296,0.000354,0.004392,0.414288,0.000352,0.00025
img_01745.jpg,0.999164,2.3e-05,8.6e-05,2.9e-05,0.000197,0.000124,1.9e-05,0.000359
img_01771.jpg,0.994245,0.001341,0.000845,0.000207,0.00028,0.002281,0.000101,0.0007
img_01773.jpg,0.775513,0.021898,0.001127,0.000533,0.000794,9.9e-05,0.011216,0.188818
img_01781.jpg,0.046061,0.023973,0.001655,0.905224,0.006581,0.015569,0.000416,0.000522
img_01782.jpg,9.1e-05,0.000357,0.000529,0.002666,0.9938,0.000525,0.001492,0.000539
img_01802.jpg,0.760405,0.001881,0.002074,0.002022,0.053654,0.144809,0.002576,0.032579
img_01803.jpg,2.4e-05,0.01688,0.970946,0.000156,6.3e-05,0.002749,0.000127,0.009055
img_01824.jpg,0.221142,0.000646,0.000788,0.000124,0.001612,0.766491,0.008255,0.000943
img_01825.jpg,0.000153,0.981371,0.014157,0.000176,0.001882,0.000418,0.001441,0.000402
img_01831.jpg,0.710144,0.001719,0.002202,0.12504,0.00214,0.139192,0.000459,0.019103
img_01834.jpg,0.011204,0.0035,0.079958,0.000845,0.00017,0.018003,0.001828,0.884492
img_01847.jpg,0.014375,0.052224,0.002631,0.001602,0.000447,0.00608,0.000766,0.921875
img_01853.jpg,0.302076,0.016997,9.6e-05,0.000378,7.3e-05,0.000318,9.6e-05,0.679967
img_01856.jpg,0.991802,0.002461,0.000303,0.00015,0.003699,0.000142,0.000128,0.001315
img_01860.jpg,0.934139,0.006756,0.000872,0.000135,0.003787,0.017085,0.001765,0.035461
img_01862.jpg,0.477337,0.001341,0.006105,0.000719,0.006505,0.507058,0.000591,0.000345
img_01874.jpg,0.383884,0.000572,0.002443,0.002011,0.052309,0.546504,0.005036,0.007241
img_01888.jpg,0.002442,0.034725,0.000198,0.00322,6e-05,0.949216,0.000202,0.009937
img_01918.jpg,0.34656,0.010386,0.12239,0.177123,0.040892,0.258451,0.041576,0.002621
img_01930.jpg,0.930138,0.001624,0.007916,0.002727,0.04454,0.012476,0.000365,0.000214
img_01932.jpg,0.071512,0.091669,0.015422,0.011172,0.010786,0.594398,0.202375,0.002665
img_01955.jpg,0.0,4.4e-05,2.5e-05,4e-06,0.0,1.1e-05,1.2e-05,0.999904
img_01963.jpg,0.99913,0.000473,1.4e-05,2.4e-05,0.0001,1.6e-05,0.000177,6.6e-05
img_01966.jpg,0.907663,0.033747,0.001014,0.00825,0.003221,0.023998,0.017147,0.004961
img_01976.jpg,0.975407,0.001477,0.000252,6.4e-05,0.000311,0.000365,3.8e-05,0.022086
img_01983.jpg,0.84343,0.000401,0.025939,0.006526,0.014905,0.105244,0.002259,0.001297
img_01984.jpg,0.010506,0.496801,0.007501,0.005097,1.4e-05,0.005549,0.001176,0.473357
img_01995.jpg,0.002892,0.319877,0.011858,0.059086,0.00069,0.465871,0.01043,0.129296
img_01996.jpg,0.014114,0.000484,0.000104,0.00029,0.000217,0.983971,0.000795,2.5e-05
img_02001.jpg,0.848297,0.001561,0.000327,0.000834,0.001042,0.088918,0.000783,0.058239
img_02006.jpg,0.154654,0.019708,0.272947,0.312187,0.002712,0.223209,0.002778,0.011805
img_02066.jpg,0.923318,0.001924,0.004491,0.000836,0.00523,0.038115,0.000567,0.025518
img_02074.jpg,0.996582,0.000895,0.000202,0.000475,0.000117,0.001669,9e-06,5.1e-05
img_02076.jpg,0.000112,0.990682,0.007273,0.000369,0.000634,2.3e-05,0.000233,0.000674
img_02077.jpg,0.172454,0.00025,0.000301,0.009472,0.000579,0.81629,0.000598,5.6e-05
img_02078.jpg,0.000572,0.288873,0.542029,0.015889,0.124845,0.007357,0.01861,0.001825
img_02082.jpg,0.086167,0.000251,0.002872,0.002423,0.719871,0.006601,0.181633,0.000183
img_02083.jpg,1.2e-05,5.8e-05,0.000773,0.001828,0.995027,0.001915,0.000276,0.000111
img_02096.jpg,0.999783,1.3e-05,7.5e-05,2e-06,3.8e-05,7.1e-05,9e-06,9e-06
img_02119.jpg,0.916271,0.000316,0.015019,0.00083,0.000692,0.066432,0.000266,0.000174
img_02124.jpg,0.094975,0.000266,0.000547,0.000169,0.000293,0.90251,0.001176,6.4e-05
img_02135.jpg,1.8e-05,0.000816,0.00019,0.000489,0.971349,0.000153,0.026965,2e-05
img_02146.jpg,0.232187,0.017898,0.012384,0.005038,0.695909,0.007462,0.000626,0.028496
img_02159.jpg,0.004518,0.002017,0.013268,0.009533,0.91564,0.007702,0.003213,0.044109
img_02172.jpg,0.84936,0.001372,0.007486,0.00096,0.010627,0.129639,0.000356,0.0002
img_02180.jpg,0.987359,0.00011,3.5e-05,1.7e-05,2.4e-05,0.012392,2.6e-05,3.6e-05
img_02188.jpg,0.044875,0.03578,0.005415,0.001464,7.7e-05,0.016152,0.306968,0.589268
img_02194.jpg,0.958929,0.001678,0.000402,0.000268,0.036285,0.001221,0.000133,0.001084
img_02209.jpg,0.072522,0.001609,0.001849,0.000971,0.001968,0.911994,0.005282,0.003806
img_02216.jpg,0.22013,0.589843,0.042162,0.000522,0.06048,0.006158,0.000603,0.080102
img_02231.jpg,0.115322,0.007495,0.033819,0.123017,0.566049,0.110572,0.008293,0.035432
img_02235.jpg,0.000313,0.046992,0.000629,0.004717,0.001564,0.001704,0.000675,0.943406
img_02252.jpg,0.682776,0.000629,0.004956,0.002024,0.299486,0.000572,0.007856,0.0017
img_02268.jpg,0.997126,4.5e-05,0.000154,0.000172,0.0012,0.00034,0.000154,0.00081
img_02270.jpg,0.61662,0.033301,0.023528,0.05191,0.079283,0.161096,0.023512,0.010748
img_02281.jpg,0.02967,0.001111,0.004013,0.774913,0.155424,0.026365,0.008372,0.000132
img_02282.jpg,0.0,0.0,0.0,1.0,0.0,0.0,0.0,0.0
img_02285.jpg,0.955187,0.00013,0.001146,0.000147,0.037749,0.001602,0.004005,3.4e-05
img_02291.jpg,0.980325,0.009692,0.005183,0.000645,0.000762,0.001885,0.000573,0.000934
img_02299.jpg,0.341681,0.264072,0.01845,0.012653,9e-05,0.344999,0.00265,0.015404
img_02305.jpg,0.005202,0.099591,0.009828,0.152391,0.020059,0.041478,0.026809,0.64464
img_02307.jpg,0.919881,0.004549,0.000355,0.000209,0.002585,0.006035,0.000242,0.066145
img_02309.jpg,0.998755,0.000359,7e-06,1.1e-05,0.000114,2.9e-05,8e-06,0.000717
img_02318.jpg,0.10256,0.003115,0.001057,0.003965,0.001053,0.004684,0.000913,0.882652
img_02347.jpg,0.25681,0.130787,0.034064,0.005431,0.472952,0.002616,0.00194,0.0954
img_02356.jpg,0.001175,5.2e-05,0.001023,0.002011,0.001483,0.00013,0.002177,0.991947
img_02367.jpg,0.987465,0.000398,0.00044,0.001295,0.008197,0.001123,0.000146,0.000936
img_02372.jpg,0.00017,0.000164,0.002411,0.000478,0.98545,0.009715,0.001547,6.7e-05
img_02379.jpg,0.122789,0.000449,0.000196,0.001516,0.003133,0.000134,0.001571,0.870212
img_02384.jpg,0.683953,0.002404,0.001143,0.000646,0.005117,0.030288,0.015497,0.260953
img_02398.jpg,0.542326,0.017028,0.0124,0.018729,0.020643,0.369311,0.01661,0.002954
img_02400.jpg,0.718503,0.000663,0.06593,0.008867,0.013434,0.188496,0.000742,0.003366
img_02406.jpg,0.560875,0.000606,0.000828,0.148506,0.001341,0.284903,0.001088,0.001852
img_02412.jpg,0.533737,0.001696,0.000844,0.000144,0.000348,0.001255,0.000151,0.461825
img_02416.jpg,0.105535,0.11479,0.08415,0.034493,0.116219,0.00778,0.010299,0.526734
img_02422.jpg,0.975936,0.012494,0.000234,0.000573,0.000816,0.002397,0.000589,0.006961
img_02479.jpg,2.7e-05,0.000204,0.002933,0.000818,0.993889,0.000348,0.001371,0.00041
img_02486.jpg,0.529678,0.019968,0.255114,0.001727,0.000112,0.167519,0.003598,0.022284
img_02487.jpg,0.954843,0.001377,0.000504,0.000225,0.033944,0.000334,0.001867,0.006907
img_02507.jpg,0.12338,0.025254,0.107852,0.014065,0.007032,0.570622,0.00875,0.143045
img_02522.jpg,0.64403,0.153042,0.011872,0.063994,0.035488,0.059671,0.005646,0.026255
img_02540.jpg,0.056624,0.001016,0.005586,0.003502,0.002591,0.930196,0.000327,0.000158
img_02546.jpg,0.019529,0.007135,0.005065,0.003199,0.000795,0.01041,0.000556,0.953312
img_02556.jpg,0.005501,0.001345,0.000112,0.000295,0.000108,0.000268,2.4e-05,0.992347
img_02560.jpg,0.000324,0.00025,0.000844,6.3e-05,0.997827,0.000616,5.1e-05,2.5e-05
img_02563.jpg,0.000201,0.000477,0.003468,0.000753,0.98554,0.006865,0.002143,0.000553
img_02565.jpg,0.370338,0.030079,0.006185,0.003022,0.002803,0.053598,0.000497,0.533479
img_02573.jpg,0.077567,0.111618,0.095875,0.024754,0.138859,0.013908,0.022419,0.515001
img_02574.jpg,0.105912,0.051344,0.092407,0.058718,0.425119,0.031523,0.010831,0.224146
img_02602.jpg,0.866646,0.056217,0.012524,0.013095,0.009503,0.022704,0.001467,0.017843
img_02607.jpg,0.006269,0.001214,0.001833,0.002308,0.974414,0.012225,0.001664,7.4e-05
img_02622.jpg,0.926341,0.00197,0.000352,0.000159,0.001631,0.05753,0.001962,0.010056
img_02625.jpg,0.017286,0.000623,0.000429,0.000233,0.000255,0.979865,0.000996,0.000313
img_02636.jpg,0.885522,0.02472,0.001731,0.000323,0.024074,0.000511,0.000393,0.062726
img_02638.jpg,0.961402,0.006515,0.007299,0.004635,0.013864,0.002908,0.000832,0.002545
img_02641.jpg,0.968267,0.000185,0.000664,0.000484,0.00407,0.01288,0.00022,0.01323
img_02646.jpg,0.000147,7.4e-05,1.7e-05,0.000177,9e-06,0.001297,0.000266,0.998013
img_02648.jpg,0.002988,0.0059,0.31004,0.016461,0.002006,0.317997,0.002654,0.341955
img_02651.jpg,0.942061,0.001443,0.011843,0.000332,0.030668,0.00212,0.000184,0.01135
img_02656.jpg,0.040159,0.819038,0.005414,0.069426,0.000892,0.032161,0.002607,0.030304
img_02666.jpg,0.998375,4e-06,1.7e-05,2.5e-05,0.000854,6.4e-05,2.3e-05,0.000639
img_02679.jpg,0.523817,0.367411,0.024581,0.002435,0.06312,0.002584,0.009784,0.006269
img_02687.jpg,0.004904,0.000534,3.9e-05,0.000421,2.3e-05,0.000926,8.5e-05,0.993069
img_02699.jpg,0.691145,0.004464,0.005101,0.001729,0.014272,0.008347,0.029921,0.24502
img_02702.jpg,0.998618,0.000186,0.000309,4.1e-05,0.00027,0.000208,0.000101,0.000268
img_02703.jpg,0.026742,0.003946,0.026256,0.100933,0.010994,0.181117,0.050453,0.59956
img_02709.jpg,0.980406,0.000807,0.000721,0.000508,0.002375,0.014296,0.000419,0.000468
img_02726.jpg,0.657962,0.001077,0.033361,0.046486,0.019159,0.233294,0.003818,0.004844
img_02733.jpg,0.982746,9.6e-05,0.000419,0.00361,0.003222,0.009486,0.000215,0.000207
img_02734.jpg,0.661838,0.090323,0.053854,0.020114,0.007995,0.141872,0.019206,0.004798
img_02739.jpg,0.99858,0.000399,8e-06,2.7e-05,0.000323,6.1e-05,2.5e-05,0.000576
img_02749.jpg,0.496398,0.001293,0.001486,0.081517,0.002371,0.406224,0.000253,0.010459
img_02759.jpg,0.011614,0.015998,0.184268,0.014299,0.000338,0.131942,0.018771,0.62277
img_02764.jpg,0.851721,0.005137,0.001912,0.005776,0.121323,0.011059,0.000804,0.002267
img_02766.jpg,0.950011,0.023721,0.012873,0.000393,0.002356,0.003999,0.005926,0.000722
img_02769.jpg,0.001394,0.002517,0.019189,0.002229,9.1e-05,0.033091,0.002605,0.938884
img_02771.jpg,0.99595,0.000277,1.7e-05,0.000865,3e-06,0.002769,6e-06,0.000114
img_02789.jpg,0.085611,0.00045,0.003853,0.002624,0.728784,0.006751,0.171897,2.9e-05
img_02799.jpg,0.997286,0.001112,4.8e-05,0.000104,0.000448,0.000302,0.000313,0.000388
img_02808.jpg,0.998531,5e-05,3.7e-05,0.000263,4.7e-05,0.001057,6e-06,9e-06
img_02811.jpg,0.252346,0.000368,0.000566,0.001258,0.0029,0.74101,0.001198,0.000353
img_02830.jpg,0.054086,0.105476,0.003882,0.023996,0.002568,0.286699,0.508331,0.014963
img_02834.jpg,0.922812,0.005394,0.000553,0.000499,0.000337,0.008435,0.00419,0.05778
img_02837.jpg,0.097716,0.062502,0.002747,0.027831,0.000345,0.781293,0.008483,0.019083
img_02838.jpg,0.977408,0.00178,0.001564,0.001254,0.008039,0.00857,0.000213,0.001171
img_02842.jpg,0.05312,0.000441,0.001468,0.000305,0.000914,0.940656,0.00287,0.000227
img_02857.jpg,0.984996,0.005313,0.000384,4.3e-05,0.006157,6.4e-05,0.000138,0.002906
img_02865.jpg,0.001265,0.045882,0.001269,0.033806,0.887636,0.004955,0.005152,0.020036
img_02871.jpg,0.207779,0.172588,0.001507,0.009889,0.002027,0.200054,0.333971,0.072185
img_02876.jpg,0.070617,0.00266,0.781694,0.000273,0.002448,0.005317,0.001628,0.135364
img_02889.jpg,0.894083,0.003196,0.002357,0.001109,0.002671,0.095278,0.000638,0.000668
img_02890.jpg,0.646791,0.000969,0.009377,0.058616,0.003836,0.269439,0.001058,0.009914
img_02899.jpg,0.97707,0.000167,0.000888,0.007309,0.011192,0.002931,0.000383,6.1e-05
img_02904.jpg,0.948228,0.000234,0.023005,0.001933,0.010319,0.015768,0.000304,0.000209
img_02911.jpg,0.124588,0.002313,0.005674,0.81767,0.009659,0.037873,0.001897,0.000324
img_02916.jpg,0.865773,0.001446,0.029774,0.004664,0.006659,0.09034,0.000899,0.000445
img_02920.jpg,0.756272,0.001257,0.00018,7.4e-05,0.000117,0.241506,0.000476,0.000117
img_02943.jpg,0.990677,0.000442,0.000284,0.001678,0.000234,0.006455,0.000167,6.3e-05
img_02949.jpg,0.876986,0.001927,0.059226,0.010793,0.004067,0.045416,0.001119,0.000465
img_02954.jpg,0.014576,0.042929,0.13031,0.000504,0.681056,0.003057,0.001284,0.126284
img_02956.jpg,0.9334,0.018996,0.00236,0.000211,0.001741,0.002689,0.000833,0.039768
img_02964.jpg,6.4e-05,0.000986,0.004509,0.000118,6.4e-05,0.000302,4.6e-05,0.993911
img_02974.jpg,0.939487,0.022951,0.005412,0.000236,0.021807,0.000104,0.000271,0.009734
img_02977.jpg,0.205978,0.728349,0.004624,0.000904,0.051576,0.000317,0.002707,0.005545
img_02993.jpg,0.001128,0.002251,0.007079,0.001189,3.4e-05,0.008446,0.003002,0.976871
img_03014.jpg,3.4e-05,0.000296,6.4e-05,0.00026,0.99903,6.4e-05,0.000236,1.6e-05
img_03043.jpg,0.000192,0.005674,0.014701,0.004397,0.000228,0.437263,0.012856,0.524689
img_03055.jpg,0.999392,0.000382,9e-06,2.7e-05,1.7e-05,0.00015,1.9e-05,5e-06
img_03064.jpg,0.983407,0.001275,0.000107,4.6e-05,0.001258,0.000906,0.001289,0.011712
img_03069.jpg,0.045558,0.092716,0.000955,0.024309,0.00025,0.061272,0.000232,0.774709
img_03074.jpg,0.99027,0.008108,5.5e-05,0.000824,7e-05,0.000218,0.00025,0.000205
img_03078.jpg,0.928084,0.025218,0.015882,0.014143,0.000345,0.013269,0.001005,0.002055
img_03080.jpg,0.998617,7.7e-05,2.5e-05,7.2e-05,0.000906,3e-05,0.000145,0.000128
img_03082.jpg,0.99703,0.000725,9.1e-05,0.00099,0.000258,1.6e-05,3.6e-05,0.000854
img_03087.jpg,0.000218,0.000232,0.002536,0.000324,0.993982,0.002412,0.000237,5.9e-05
img_03116.jpg,0.000308,0.030468,0.005378,0.002746,0.896397,0.000321,0.004483,0.0599
img_03128.jpg,0.969835,0.000935,3.8e-05,2.7e-05,0.000178,0.000112,4.6e-05,0.028827
img_03135.jpg,0.018617,0.004511,0.00016,0.000353,4.7e-05,6.8e-05,3.2e-05,0.976211
img_03140.jpg,0.936487,0.026153,0.005382,0.001502,0.00537,0.022311,0.001789,0.001006
img_03166.jpg,0.7255,0.002304,0.001425,0.002751,0.024794,0.152987,0.002927,0.087313
img_03169.jpg,0.0,0.000522,0.982999,0.000164,7.5e-05,0.000168,1.7e-05,0.016054
img_03181.jpg,0.270416,0.027746,0.003945,0.001243,0.002515,0.690478,0.002883,0.000773
img_03195.jpg,0.862528,0.006967,0.000327,0.002299,0.001978,0.094677,0.001583,0.02964
img_03199.jpg,0.768715,0.159642,0.00211,0.000477,0.000452,0.000426,0.00567,0.062509
img_03210.jpg,0.000303,0.01592,0.107706,0.00281,0.001042,0.06219,0.001441,0.808588
img_03220.jpg,0.932776,0.000202,0.000694,0.000683,0.036063,0.028452,0.001067,6.4e-05
img_03222.jpg,0.619199,0.168112,0.011427,0.007644,0.011538,0.140846,0.035702,0.005533
img_03223.jpg,0.325419,0.111347,0.00355,0.00808,0.000496,0.536466,0.004343,0.010298
img_03228.jpg,0.984919,0.001929,0.000615,0.00192,0.000157,0.00224,0.000284,0.007935
img_03229.jpg,0.294597,0.078999,0.002261,0.00541,0.013515,0.411908,0.041867,0.151443
img_03231.jpg,0.68979,0.001212,0.020125,0.005443,0.055362,0.223192,0.002557,0.002319
img_03238.jpg,0.492761,0.071665,0.00153,0.001891,0.026723,0.342208,0.009625,0.053596
img_03239.jpg,5e-06,0.000986,0.000281,0.00023,0.000223,0.00031,0.997651,0.000314
img_03252.jpg,0.98141,0.008993,0.003911,0.000463,0.000245,0.002682,0.001246,0.00105
img_03254.jpg,0.086609,0.000696,0.00076,0.000453,0.001456,0.908713,0.001265,4.9e-05
img_03260.jpg,0.995956,0.000442,0.000321,0.000161,0.002319,0.000737,4.4e-05,2e-05
img_03261.jpg,0.883931,0.000959,0.008167,0.000944,0.001155,0.092839,0.000674,0.011331
img_03270.jpg,0.000958,0.00016,0.000824,0.002298,0.004931,0.000802,0.002381,0.987647
img_03283.jpg,0.108471,0.714544,0.013846,0.011266,2.7e-05,0.044055,0.014342,0.093448
img_03290.jpg,0.61505,0.011587,0.002885,0.000169,0.001209,0.004461,0.000503,0.364136
img_03297.jpg,0.984147,8.7e-05,0.007744,0.000378,0.003326,0.003952,0.000337,2.9e-05
img_03310.jpg,0.95208,0.011783,0.000603,0.001329,0.001368,0.031428,0.001316,9.3e-05
img_03312.jpg,0.994439,0.000902,8.7e-05,0.000645,0.000112,0.003429,0.000113,0.000274
img_03324.jpg,0.110266,0.005826,0.200759,0.002375,0.00039,0.068677,0.00642,0.605287
img_03333.jpg,0.900243,0.001858,0.001475,0.000518,0.003133,0.083013,0.008781,0.000978
img_03342.jpg,0.074824,0.036771,0.001628,0.000874,0.000656,0.004603,0.000158,0.880487
img_03346.jpg,0.214681,0.03005,0.08491,0.045754,0.079956,0.505874,0.015509,0.023267
img_03355.jpg,0.126127,0.046309,0.002515,0.000718,0.00021,0.000533,0.032885,0.790704
img_03361.jpg,0.000862,0.896889,0.055778,0.004426,0.001438,0.016206,0.009045,0.015356
img_03370.jpg,0.155033,0.002202,5.2e-05,8.5e-05,3.3e-05,0.000281,0.000113,0.8422
img_03399.jpg,0.039411,0.015057,0.003495,0.000842,0.023352,0.911469,0.006324,5e-05
img_03410.jpg,0.878638,0.000626,0.000741,0.001853,0.109799,0.001726,0.000534,0.006083
img_03422.jpg,0.996573,0.00022,8.5e-05,0.000946,0.000145,0.002,2.2e-05,9e-06
img_03426.jpg,0.987745,0.000799,7.3e-05,0.000112,0.007463,0.001243,0.000131,0.002434
img_03439.jpg,0.465737,0.002624,0.001518,0.076898,0.001297,0.44138,0.000402,0.010144
img_03440.jpg,8.1e-05,0.01158,0.071337,0.00017,0.000125,0.002633,0.000336,0.913738
img_03444.jpg,0.987641,0.004769,0.000107,0.000911,0.001531,0.001556,0.000181,0.003305
img_03445.jpg,0.85487,0.002653,0.004784,0.000406,0.127522,9.1e-05,0.002326,0.007348
img_03446.jpg,3.8e-05,0.140399,0.80968,0.00092,0.001096,0.009447,0.001099,0.037322
img_03452.jpg,0.007711,0.972167,0.001435,5.3e-05,0.000474,0.000466,0.000581,0.017112
img_03454.jpg,0.966409,0.000124,0.001653,0.000971,0.024655,0.002518,0.003639,3.1e-05
img_03456.jpg,5.4e-05,0.0009,8.6e-05,0.000353,0.997679,0.000119,0.000764,4.5e-05
img_03457.jpg,0.928688,0.000465,0.002534,0.0002,0.00121,0.065894,0.000131,0.000878
img_03471.jpg,0.003961,0.003268,0.048036,0.276125,0.001695,0.662433,0.003572,0.00091
img_03475.jpg,0.009525,0.000126,0.000906,0.000375,0.988573,0.000109,0.00035,3.5e-05
img_03488.jpg,0.90426,0.050226,0.003431,0.000816,9.8e-05,0.038384,0.001847,0.000938
img_03490.jpg,0.018784,0.261431,0.193378,0.015563,0.087674,0.009505,0.019964,0.393701
img_03502.jpg,0.945263,0.003201,0.003303,0.001124,0.010477,0.02196,0.008715,0.005956
img_03504.jpg,0.140852,0.013096,0.003988,0.000459,0.001121,0.839433,0.00056,0.000491
img_03520.jpg,0.936127,0.000558,0.000676,0.000881,0.053179,0.002851,0.000384,0.005343
img_03527.jpg,0.0,0.005378,0.040772,0.000273,2.9e-05,0.000155,2.8e-05,0.953366
img_03547.jpg,0.991079,0.005053,0.000154,0.000599,9.8e-05,0.001943,0.000861,0.000213
img_03548.jpg,0.089659,0.004946,0.006049,0.001722,0.000188,0.006238,0.007184,0.884014
img_03554.jpg,0.9964,0.000703,9.6e-05,9.8e-05,0.001086,0.000583,0.00042,0.000615
img_03563.jpg,0.998897,0.000175,3.5e-05,0.000235,0.000157,0.000104,2.1e-05,0.000376
img_03581.jpg,0.568941,0.00347,0.004166,0.186729,0.003074,0.205482,0.000747,0.027391
img_03584.jpg,2e-06,0.002451,0.010912,0.000146,0.000738,8e-06,0.000673,0.985071
img_03587.jpg,0.160824,0.005307,0.000162,0.00039,3.3e-05,0.003182,0.000166,0.829937
img_03588.jpg,0.028158,0.000264,0.000109,0.000169,0.000878,0.969538,0.000827,5.7e-05
img_03602.jpg,0.016737,0.000108,0.001009,0.000722,0.000635,0.977803,0.002897,8.9e-05
img_03627.jpg,0.849626,0.028139,0.102319,0.003304,0.001723,0.004932,0.009326,0.000631
img_03628.jpg,0.999667,0.000111,2.7e-05,5e-06,3.7e-05,1e-05,1.2e-05,0.000131
img_03652.jpg,0.947938,0.001151,0.000542,0.000762,0.036373,0.010579,0.00024,0.002415
img_03670.jpg,0.786347,0.000622,0.012793,0.00188,0.149609,0.031135,0.017305,0.000309
img_03674.jpg,0.000209,0.000192,0.000238,0.000264,0.998608,0.000286,6.3e-05,0.000139
img_03677.jpg,0.798742,0.18282,0.004393,0.004574,0.000209,0.003019,0.001654,0.004589
img_03711.jpg,0.993401,0.000184,0.000269,0.000126,0.000474,0.000931,3.1e-05,0.004583
img_03715.jpg,0.005672,0.00123,0.000984,0.90426,0.025707,0.059399,0.002548,0.000201
img_03718.jpg,0.912393,0.004218,0.002924,0.003528,0.023872,0.052456,0.000561,4.8e-05
img_03726.jpg,0.004246,0.056989,0.004311,0.080595,0.008744,0.008383,0.006012,0.830718
img_03739.jpg,0.0,0.0,0.0,1.0,0.0,0.0,0.0,0.0
img_03749.jpg,0.193357,0.06461,0.020537,0.017786,0.00775,0.618546,0.049334,0.02808
img_03750.jpg,0.044924,0.007212,0.000715,0.000422,0.004011,0.023587,0.000806,0.918323
img_03760.jpg,0.942788,0.004263,0.003627,0.000208,0.000323,0.046803,0.000724,0.001265
img_03764.jpg,0.97364,0.004249,0.001577,0.00052,3.8e-05,0.018845,0.001041,9e-05
img_03776.jpg,0.394922,0.006607,0.009303,0.003902,0.018758,0.013224,0.002269,0.551016
img_03801.jpg,0.986422,0.001011,0.000252,0.000126,0.000877,0.000703,7.9e-05,0.010529
img_03805.jpg,0.933211,0.03795,0.001193,0.022349,0.000155,0.003889,0.000398,0.000853
img_03809.jpg,0.409596,0.304658,0.00718,0.018529,0.134438,0.038469,0.084335,0.002795
img_03825.jpg,0.999821,2e-05,8e-06,6e-06,2.1e-05,9.6e-05,1.5e-05,1.1e-05
img_03831.jpg,0.000636,0.027651,0.041708,0.000382,0.000444,0.003181,0.00133,0.924668
img_03837.jpg,0.975526,0.011962,0.003708,0.000899,0.000666,0.006218,0.000749,0.000273
img_03847.jpg,0.000124,0.038673,0.00019,0.015024,7.9e-05,0.941574,0.000858,0.003477
img_03853.jpg,0.999358,1.5e-05,4e-06,3e-06,0.000581,8e-06,1.3e-05,1.8e-05
img_03866.jpg,0.898745,0.009522,0.00156,0.003023,0.004462,0.064536,0.002052,0.0161
img_03867.jpg,0.043501,0.001783,0.005305,0.00548,0.912277,0.027338,0.003065,0.001251
img_03869.jpg,0.994481,0.000197,0.000121,0.000203,0.001298,0.003214,0.000174,0.000311
