image,ALB,BET,DOL,LAG,NoF,OTHER,SHARK,YFT
image_00001.jpg,0.000165,0.000853,0.000120,0.000648,0.963187,0.007049,0.025088,0.002891
image_00002.jpg,0.159300,0.011003,0.014881,0.010882,0.288471,0.001000,0.023861,0.490602
image_00003.jpg,0.530688,0.005553,0.002365,0.001537,0.415220,0.040752,0.003015,0.000869
image_00004.jpg,0.662354,0.020264,0.008220,0.002999,0.011404,0.006680,0.005488,0.282590
image_00005.jpg,0.567977,0.062612,0.014283,0.001911,0.334440,0.016779,0.001592,0.000406
image_00006.jpg,0.901793,0.051894,0.000483,0.000848,0.004936,0.023246,0.011718,0.005082
image_00007.jpg,0.435520,0.010642,0.000997,0.001272,0.509769,0.020507,0.001695,0.019600
image_00008.jpg,0.895326,0.005856,0.000497,0.002571,0.015598,0.010219,0.001190,0.068744
image_00009.jpg,0.289771,0.595892,0.005345,0.004781,0.011694,0.056869,0.000180,0.035469
image_00010.jpg,0.016850,0.484251,0.089640,0.080298,0.001788,0.010632,0.013187,0.303354
image_00011.jpg,0.875465,0.005254,0.005795,0.016664,0.009950,0.030110,0.001842,0.054920
image_00012.jpg,0.238041,0.012049,0.010517,0.026852,0.147877,0.183776,0.258686,0.122202
image_00013.jpg,0.175489,0.285347,0.006128,0.063832,0.004844,0.003915,0.000846,0.459600
image_00014.jpg,0.718674,0.000755,0.008560,0.003225,0.150837,0.096419,0.009083,0.012447
image_00015.jpg,0.595621,0.139570,0.130736,0.018289,0.010294,0.040940,0.006158,0.058392
image_00016.jpg,0.035302,0.591365,0.043684,0.005975,0.263001,0.036507,0.007163,0.017003
image_00017.jpg,0.074574,0.242878,0.032392,0.170548,0.281226,0.124543,0.019535,0.054304
image_00018.jpg,0.849330,0.010249,0.021030,0.006148,0.027080,0.051426,0.008164,0.026573
image_00019.jpg,0.992275,0.004973,0.000528,0.000364,0.000708,0.000376,0.000229,0.000547
image_00020.jpg,0.000490,0.013307,0.011214,0.004008,0.646345,0.198594,0.113371,0.012671
image_00021.jpg,0.338870,0.007174,0.029064,0.003047,0.000090,0.000892,0.000131,0.620732
image_00022.jpg,0.083432,0.001252,0.015502,0.010232,0.583207,0.243329,0.048002,0.015044
image_00023.jpg,0.994321,0.000039,0.000063,0.000570,0.001280,0.000852,0.001851,0.001025
image_00024.jpg,0.853073,0.014754,0.030552,0.004177,0.058127,0.019604,0.001300,0.018413
image_00025.jpg,0.710384,0.013008,0.175180,0.017189,0.000479,0.002134,0.001149,0.080477
image_00026.jpg,0.210018,0.487517,0.030945,0.005612,0.159765,0.010669,0.000253,0.095220
image_00027.jpg,0.564241,0.206997,0.010425,0.010938,0.075659,0.005268,0.077446,0.049025
image_00028.jpg,0.003863,0.007851,0.000591,0.013080,0.600937,0.218195,0.146831,0.008652
image_00029.jpg,0.030304,0.030985,0.029737,0.077498,0.578756,0.002519,0.005013,0.245188
image_00030.jpg,0.521915,0.028615,0.042910,0.113384,0.147027,0.016529,0.007014,0.122607
image_00031.jpg,0.008333,0.001290,0.001333,0.000662,0.986154,0.000400,0.001021,0.000808
image_00032.jpg,0.969566,0.001399,0.002971,0.000587,0.011916,0.002847,0.008609,0.002105
image_00033.jpg,0.122054,0.003742,0.007285,0.002691,0.802742,0.023345,0.020923,0.017219
image_00034.jpg,0.763878,0.018961,0.002971,0.008167,0.174161,0.022441,0.004200,0.005221
image_00035.jpg,0.681908,0.002541,0.000702,0.005711,0.009537,0.004685,0.008715,0.286202
image_00036.jpg,0.728245,0.005017,0.005341,0.052935,0.035247,0.057659,0.015270,0.100286
image_00037.jpg,0.000506,0.012518,0.002390,0.001590,0.449869,0.151383,0.364232,0.017511
image_00038.jpg,0.824250,0.008345,0.004323,0.001395,0.092563,0.004460,0.001372,0.063292
image_00039.jpg,0.435357,0.002449,0.014201,0.006110,0.494200,0.015404,0.000715,0.031564
image_00040.jpg,0.615659,0.009257,0.001458,0.093439,0.125390,0.030247,0.043705,0.080846
image_00041.jpg,0.000746,0.002248,0.000238,0.002133,0.743451,0.041068,0.191898,0.018218
image_00042.jpg,0.346918,0.024840,0.015743,0.092939,0.023418,0.326798,0.012482,0.156863
image_00043.jpg,0.279757,0.294409,0.010052,0.002046,0.336529,0.002962,0.004174,0.070071
image_00044.jpg,0.821491,0.006498,0.005892,0.004596,0.035308,0.006480,0.012244,0.107491
image_00045.jpg,0.000521,0.002545,0.001204,0.001084,0.938218,0.001006,0.039755,0.015668
image_00046.jpg,0.980023,0.001270,0.002411,0.000810,0.003251,0.000487,0.000210,0.011538
image_00047.jpg,0.519297,0.037309,0.020161,0.021285,0.060013,0.124828,0.030248,0.186858
image_00048.jpg,0.041983,0.046880,0.008229,0.081475,0.085214,0.520705,0.006021,0.209494
image_00049.jpg,0.595276,0.073024,0.043130,0.007110,0.008710,0.013454,0.002903,0.256393
image_00050.jpg,0.041299,0.069322,0.062985,0.000755,0.717089,0.070775,0.036947,0.000829
image_00051.jpg,0.136773,0.004486,0.016930,0.003432,0.057454,0.000069,0.003051,0.777805
image_00052.jpg,0.028084,0.021022,0.002916,0.007700,0.002185,0.000693,0.000769,0.936632
image_00053.jpg,0.934531,0.005661,0.005464,0.000991,0.000162,0.000088,0.000170,0.052932
image_00054.jpg,0.313313,0.024506,0.005223,0.384409,0.015716,0.026912,0.031371,0.198550
image_00055.jpg,0.501447,0.031497,0.010064,0.143919,0.180799,0.031025,0.003762,0.097489
image_00056.jpg,0.034700,0.159345,0.055917,0.278945,0.047426,0.043109,0.062129,0.318429
image_00057.jpg,0.916497,0.001579,0.000152,0.001262,0.000918,0.001140,0.001067,0.077385
image_00058.jpg,0.419690,0.305284,0.004037,0.001766,0.150451,0.005576,0.000266,0.112930
image_00059.jpg,0.318682,0.089380,0.030368,0.099382,0.113240,0.338558,0.004233,0.006157
image_00060.jpg,0.394275,0.438171,0.001364,0.014873,0.015180,0.008532,0.021881,0.105725
image_00061.jpg,0.053432,0.017633,0.018595,0.010595,0.019570,0.000829,0.001980,0.877367
image_00062.jpg,0.000013,0.009151,0.007320,0.003773,0.000029,0.000334,0.001670,0.977710
image_00063.jpg,0.550435,0.015133,0.018374,0.002815,0.291599,0.018329,0.000913,0.102402
image_00064.jpg,0.041783,0.003307,0.007925,0.004808,0.903130,0.019433,0.001531,0.018084
image_00065.jpg,0.777888,0.003614,0.001134,0.019902,0.045703,0.009834,0.004980,0.136945
image_00066.jpg,0.972744,0.006406,0.004325,0.001415,0.000252,0.000923,0.000147,0.013788
image_00067.jpg,0.885310,0.004094,0.001747,0.002824,0.003735,0.012178,0.010450,0.079662
image_00068.jpg,0.164642,0.013958,0.009020,0.001202,0.792682,0.002864,0.004636,0.010998
image_00069.jpg,0.390756,0.018889,0.002854,0.005805,0.566443,0.001111,0.009144,0.004997
image_00070.jpg,0.002334,0.021708,0.005913,0.002504,0.000191,0.000426,0.000318,0.966607
image_00071.jpg,0.380006,0.250832,0.090270,0.020887,0.026525,0.076933,0.021934,0.132613
image_00072.jpg,0.770783,0.001785,0.008459,0.002012,0.172822,0.010719,0.005396,0.028024
image_00073.jpg,0.845462,0.014211,0.014392,0.001049,0.019308,0.016786,0.004557,0.084233
image_00074.jpg,0.651890,0.005449,0.027654,0.003601,0.271947,0.007617,0.003266,0.028576
image_00075.jpg,0.428023,0.005707,0.013500,0.027102,0.009051,0.499604,0.000811,0.016202
image_00076.jpg,0.004577,0.003135,0.000356,0.003650,0.755622,0.202579,0.008440,0.021641
image_00077.jpg,0.932136,0.009649,0.006355,0.001353,0.002037,0.044970,0.000793,0.002707
image_00078.jpg,0.343603,0.004418,0.002819,0.004910,0.001005,0.002536,0.001809,0.638899
image_00079.jpg,0.207631,0.018217,0.063020,0.049781,0.446111,0.009169,0.015593,0.190478
image_00080.jpg,0.771977,0.011072,0.083515,0.020688,0.004937,0.000733,0.001054,0.106024
image_00081.jpg,0.801907,0.095047,0.007199,0.007723,0.022631,0.006694,0.000561,0.058237
image_00082.jpg,0.005518,0.008892,0.000430,0.001140,0.962845,0.015307,0.002771,0.003098
image_00083.jpg,0.000038,0.000846,0.000024,0.000214,0.996009,0.000843,0.001459,0.000567
image_00084.jpg,0.001323,0.021971,0.001045,0.001573,0.350892,0.123627,0.090993,0.408575
image_00085.jpg,0.311078,0.348714,0.024332,0.004163,0.072515,0.011881,0.001655,0.225662
image_00086.jpg,0.880547,0.016696,0.039459,0.024362,0.008894,0.012258,0.004769,0.013015
image_00087.jpg,0.581835,0.001213,0.009652,0.003461,0.008697,0.389577,0.004761,0.000804
image_00088.jpg,0.006894,0.010686,0.000692,0.000887,0.970745,0.002054,0.001063,0.006978
image_00089.jpg,0.667331,0.004755,0.001697,0.005413,0.048107,0.008454,0.003620,0.260623
image_00090.jpg,0.001639,0.001546,0.000161,0.000201,0.992961,0.001292,0.002101,0.000098
image_00091.jpg,0.898519,0.001728,0.043712,0.001934,0.000934,0.006349,0.000291,0.046533
image_00092.jpg,0.777017,0.031158,0.035932,0.001421,0.077079,0.049202,0.001910,0.026280
image_00093.jpg,0.725661,0.004615,0.004448,0.008715,0.161459,0.009978,0.002084,0.083039
image_00094.jpg,0.669277,0.037128,0.007572,0.005061,0.000360,0.002303,0.001940,0.276360
image_00095.jpg,0.262107,0.034812,0.005806,0.025745,0.035227,0.045735,0.005137,0.585431
image_00096.jpg,0.011688,0.007261,0.001083,0.115266,0.004824,0.013327,0.015388,0.831162
image_00097.jpg,0.001708,0.005134,0.000165,0.001045,0.944783,0.018633,0.023703,0.004830
image_00098.jpg,0.000033,0.000197,0.000035,0.000100,0.995209,0.002558,0.001629,0.000239
image_00099.jpg,0.047007,0.083032,0.005642,0.008131,0.001187,0.006253,0.040780,0.807969
image_00100.jpg,0.669914,0.000430,0.001927,0.009185,0.133317,0.006837,0.003099,0.175291
image_00101.jpg,0.616382,0.010514,0.009831,0.013216,0.017095,0.063810,0.008327,0.260825
image_00102.jpg,0.057791,0.010987,0.008928,0.002402,0.018904,0.889709,0.002568,0.008710
image_00103.jpg,0.746470,0.002989,0.000751,0.002917,0.015782,0.006262,0.005702,0.219128
image_00104.jpg,0.153725,0.004225,0.005460,0.004883,0.741512,0.000697,0.015488,0.074010
image_00105.jpg,0.706270,0.079885,0.064377,0.023450,0.112230,0.004218,0.006026,0.003544
image_00106.jpg,0.539708,0.391371,0.003643,0.001204,0.000076,0.003942,0.001658,0.058397
image_00107.jpg,0.210095,0.013513,0.010005,0.003584,0.004409,0.003432,0.000201,0.754760
image_00108.jpg,0.124249,0.002730,0.048131,0.001224,0.761723,0.060140,0.000662,0.001142
image_00109.jpg,0.217652,0.068011,0.317786,0.005231,0.013426,0.373398,0.001813,0.002681
image_00110.jpg,0.002012,0.003921,0.124990,0.147850,0.101141,0.078639,0.342679,0.198767
image_00111.jpg,0.001333,0.012153,0.000838,0.002167,0.603285,0.155311,0.199125,0.025788
image_00112.jpg,0.977595,0.000461,0.009005,0.002968,0.000920,0.002127,0.001036,0.005888
image_00113.jpg,0.014158,0.005014,0.003367,0.002666,0.000128,0.000426,0.000631,0.973611
image_00114.jpg,0.436280,0.033657,0.222218,0.020198,0.096175,0.021129,0.029837,0.140506
image_00115.jpg,0.257172,0.136129,0.076711,0.012919,0.273988,0.052626,0.008543,0.181911
image_00116.jpg,0.214796,0.009340,0.015177,0.027460,0.063565,0.161384,0.108982,0.399297
image_00117.jpg,0.982443,0.001406,0.008724,0.000476,0.000345,0.000162,0.000092,0.006351
image_00118.jpg,0.000012,0.000646,0.002035,0.000911,0.936360,0.001970,0.055285,0.002781
image_00119.jpg,0.943966,0.004083,0.004353,0.003848,0.013377,0.014426,0.005467,0.010481
image_00120.jpg,0.001037,0.000164,0.000238,0.000565,0.982260,0.010524,0.003396,0.001817
image_00121.jpg,0.413380,0.049373,0.088820,0.005223,0.265602,0.138685,0.009262,0.029656
image_00122.jpg,0.550740,0.005896,0.003742,0.028426,0.004632,0.354744,0.013096,0.038726
image_00123.jpg,0.548512,0.050473,0.014292,0.006144,0.346247,0.022690,0.009635,0.002006
image_00124.jpg,0.830210,0.001944,0.058218,0.011313,0.002399,0.001034,0.001798,0.093085
image_00125.jpg,0.342776,0.055463,0.019155,0.016506,0.219729,0.091478,0.017424,0.237469
image_00126.jpg,0.792713,0.002074,0.000353,0.006543,0.005815,0.003355,0.024823,0.164324
image_00127.jpg,0.646969,0.002142,0.000877,0.009704,0.018079,0.008933,0.005324,0.307972
image_00128.jpg,0.302368,0.001331,0.049803,0.002460,0.550861,0.091754,0.000847,0.000576
image_00129.jpg,0.003457,0.000412,0.000201,0.000686,0.994512,0.000534,0.000188,0.000010
image_00130.jpg,0.046300,0.001154,0.001731,0.001120,0.942328,0.002064,0.000671,0.004632
image_00131.jpg,0.005578,0.020487,0.001957,0.000526,0.844503,0.015588,0.048974,0.062387
image_00132.jpg,0.004309,0.370177,0.021830,0.034728,0.000863,0.007906,0.008958,0.551229
image_00133.jpg,0.998048,0.000056,0.000018,0.000032,0.000365,0.000092,0.000023,0.001366
image_00134.jpg,0.000766,0.001496,0.000067,0.000789,0.945556,0.017810,0.022133,0.011384
image_00135.jpg,0.117082,0.701147,0.002991,0.040086,0.000027,0.003363,0.000672,0.134630
image_00136.jpg,0.807563,0.013211,0.004158,0.038686,0.068097,0.009851,0.010167,0.048268
image_00137.jpg,0.958084,0.002770,0.010913,0.006268,0.015453,0.000897,0.001286,0.004329
image_00138.jpg,0.485397,0.043751,0.004400,0.010657,0.000328,0.002102,0.003995,0.449370
image_00139.jpg,0.001336,0.191318,0.000321,0.013860,0.000009,0.000302,0.001103,0.791752
image_00140.jpg,0.180282,0.244257,0.006005,0.012851,0.004875,0.029670,0.008908,0.513153
image_00141.jpg,0.442747,0.046958,0.033822,0.005103,0.005056,0.005280,0.007577,0.453457
image_00142.jpg,0.342936,0.020132,0.006406,0.110690,0.018224,0.468390,0.002000,0.031221
image_00143.jpg,0.001758,0.013714,0.005231,0.007952,0.867241,0.031788,0.062874,0.009442
image_00144.jpg,0.925207,0.000369,0.000162,0.000609,0.055058,0.011779,0.000408,0.006408
image_00145.jpg,0.704505,0.003459,0.000461,0.006744,0.028176,0.008286,0.001524,0.246845
image_00146.jpg,0.212135,0.007730,0.036074,0.006635,0.000221,0.003151,0.000272,0.733781
image_00147.jpg,0.705990,0.008299,0.004949,0.005588,0.034351,0.000567,0.001579,0.238677
image_00148.jpg,0.000500,0.000711,0.000128,0.000252,0.994304,0.002845,0.000901,0.000359
image_00149.jpg,0.946012,0.004110,0.003150,0.000962,0.005664,0.010792,0.005574,0.023736
image_00150.jpg,0.714783,0.005757,0.016284,0.002015,0.249476,0.007126,0.002121,0.002439
image_00151.jpg,0.000224,0.000257,0.000081,0.000523,0.988946,0.005279,0.001686,0.003004
image_00152.jpg,0.969869,0.001114,0.001028,0.000708,0.013623,0.001397,0.002168,0.010092
image_00153.jpg,0.196228,0.004124,0.008706,0.069181,0.122259,0.023629,0.555798,0.020076
image_00154.jpg,0.001138,0.001133,0.000182,0.000305,0.993953,0.001986,0.001125,0.000178
image_00155.jpg,0.673181,0.003530,0.001679,0.005161,0.228531,0.049019,0.028148,0.010750
image_00156.jpg,0.374808,0.030433,0.003268,0.003958,0.001402,0.570174,0.004180,0.011777
image_00157.jpg,0.006741,0.726497,0.007338,0.002083,0.000153,0.000789,0.000617,0.255782
image_00158.jpg,0.170560,0.004094,0.017261,0.004139,0.012529,0.785826,0.001129,0.004463
image_00159.jpg,0.829678,0.005419,0.023209,0.019171,0.108105,0.003454,0.001078,0.009886
image_00160.jpg,0.996090,0.001318,0.001163,0.000045,0.000253,0.000219,0.000023,0.000888
image_00161.jpg,0.120736,0.003201,0.007711,0.018212,0.762198,0.062339,0.012518,0.013085
image_00162.jpg,0.108871,0.088249,0.191017,0.036131,0.476103,0.005735,0.006706,0.087187
image_00163.jpg,0.990061,0.000346,0.000189,0.000474,0.007080,0.000223,0.001226,0.000400
image_00164.jpg,0.006865,0.114826,0.012621,0.002082,0.169717,0.172863,0.480479,0.040547
image_00165.jpg,0.515425,0.267869,0.009548,0.006978,0.048698,0.072045,0.001155,0.078283
image_00166.jpg,0.000403,0.000703,0.000421,0.000410,0.950321,0.018984,0.028379,0.000379
image_00167.jpg,0.988316,0.001019,0.000360,0.001617,0.005721,0.001008,0.000288,0.001670
image_00168.jpg,0.435555,0.326671,0.004731,0.016534,0.057177,0.117819,0.023367,0.018146
image_00169.jpg,0.001049,0.010630,0.009742,0.011647,0.571239,0.355149,0.037003,0.003540
image_00170.jpg,0.179758,0.013871,0.004538,0.412863,0.011870,0.067528,0.072582,0.236991
image_00171.jpg,0.642299,0.002996,0.001267,0.007811,0.287530,0.018967,0.000927,0.038204
image_00172.jpg,0.309466,0.000462,0.000769,0.000792,0.686186,0.001022,0.000939,0.000363
image_00173.jpg,0.023364,0.014049,0.000470,0.000985,0.950811,0.006141,0.001604,0.002577
image_00174.jpg,0.000765,0.017639,0.000330,0.002105,0.956987,0.015542,0.005454,0.001179
image_00175.jpg,0.185472,0.012880,0.141555,0.003721,0.005057,0.011176,0.002136,0.638004
image_00176.jpg,0.555714,0.084409,0.119445,0.019440,0.025044,0.076682,0.024622,0.094643
image_00177.jpg,0.000873,0.013068,0.000137,0.000593,0.965320,0.000673,0.001795,0.017541
image_00178.jpg,0.656452,0.005077,0.004065,0.046002,0.005947,0.011737,0.010199,0.260520
image_00179.jpg,0.921872,0.001235,0.054851,0.000447,0.000203,0.000137,0.000366,0.020890
image_00180.jpg,0.083879,0.005860,0.057986,0.010519,0.030617,0.807401,0.002052,0.001685
image_00181.jpg,0.000357,0.000890,0.000882,0.000347,0.996185,0.000923,0.000092,0.000325
image_00182.jpg,0.191307,0.012251,0.015631,0.003893,0.449709,0.052779,0.018012,0.256418
image_00183.jpg,0.000080,0.001213,0.000287,0.000418,0.907193,0.001962,0.024882,0.063964
image_00184.jpg,0.037058,0.022309,0.001217,0.001797,0.000651,0.001923,0.000781,0.934265
image_00185.jpg,0.837709,0.011861,0.004560,0.001605,0.066708,0.005169,0.017376,0.055012
image_00186.jpg,0.951386,0.000521,0.000766,0.000539,0.000615,0.000233,0.000344,0.045597
image_00187.jpg,0.000349,0.001182,0.000075,0.000301,0.996645,0.000283,0.000396,0.000770
image_00188.jpg,0.000932,0.007011,0.000399,0.002833,0.900054,0.021690,0.059233,0.007847
image_00189.jpg,0.079184,0.007012,0.004322,0.002427,0.000165,0.000900,0.001061,0.904930
image_00190.jpg,0.930204,0.000916,0.005966,0.003844,0.007490,0.048857,0.002060,0.000663
image_00191.jpg,0.846896,0.006352,0.000337,0.028327,0.077005,0.024245,0.016167,0.000671
image_00192.jpg,0.606721,0.019424,0.005331,0.018371,0.058551,0.016856,0.033187,0.241559
image_00193.jpg,0.949095,0.001611,0.002494,0.001465,0.016074,0.009003,0.000258,0.020000
image_00194.jpg,0.011860,0.932863,0.009114,0.001103,0.007142,0.032492,0.004810,0.000615
image_00195.jpg,0.582041,0.092639,0.027434,0.036906,0.107482,0.019476,0.032840,0.101182
image_00196.jpg,0.590167,0.132980,0.001891,0.007784,0.153348,0.078409,0.012229,0.023192
image_00197.jpg,0.000107,0.000995,0.000079,0.000314,0.996391,0.001176,0.000824,0.000114
image_00198.jpg,0.120947,0.613743,0.027073,0.015289,0.002096,0.000975,0.000792,0.219084
image_00199.jpg,0.000233,0.001064,0.000450,0.000547,0.943808,0.002975,0.026904,0.024019
image_00200.jpg,0.395409,0.020782,0.017622,0.016551,0.264633,0.157580,0.072052,0.055371
image_00201.jpg,0.003660,0.005531,0.000389,0.014625,0.863899,0.066514,0.018752,0.026629
image_00202.jpg,0.003802,0.260641,0.037792,0.003868,0.657752,0.008629,0.016430,0.011085
image_00203.jpg,0.365022,0.093747,0.020003,0.039646,0.057018,0.061592,0.005561,0.357411
image_00204.jpg,0.678527,0.023278,0.006574,0.081641,0.077140,0.052094,0.038606,0.042140
image_00205.jpg,0.000073,0.006692,0.000136,0.001612,0.911916,0.008340,0.056972,0.014258
image_00206.jpg,0.889547,0.002279,0.028648,0.002463,0.000539,0.001986,0.000118,0.074420
image_00207.jpg,0.000047,0.007573,0.003071,0.001161,0.825147,0.005894,0.105331,0.051777
image_00208.jpg,0.575222,0.067916,0.014560,0.002515,0.149677,0.006228,0.000461,0.183420
image_00209.jpg,0.052289,0.094278,0.104575,0.028379,0.369902,0.127657,0.131181,0.091739
image_00210.jpg,0.645672,0.015718,0.027241,0.008742,0.261197,0.019782,0.008173,0.013475
image_00211.jpg,0.915374,0.038769,0.006749,0.003597,0.006189,0.028892,0.000371,0.000058
image_00212.jpg,0.999570,0.000056,0.000028,0.000021,0.000154,0.000081,0.000021,0.000070
image_00213.jpg,0.675239,0.004854,0.002135,0.012060,0.066145,0.006671,0.003857,0.229038
image_00214.jpg,0.021114,0.322097,0.004036,0.010207,0.006910,0.047337,0.003087,0.585212
image_00215.jpg,0.873052,0.010151,0.001432,0.049649,0.015114,0.018975,0.016146,0.015481
image_00216.jpg,0.359770,0.015333,0.468764,0.020989,0.024558,0.003173,0.000526,0.106888
image_00217.jpg,0.994088,0.000153,0.000131,0.000032,0.004851,0.000592,0.000061,0.000093
image_00218.jpg,0.798507,0.007981,0.021261,0.011035,0.058502,0.001975,0.004484,0.096255
image_00219.jpg,0.848907,0.024921,0.001057,0.001825,0.101561,0.005844,0.005546,0.010338
image_00220.jpg,0.771376,0.043035,0.162812,0.002385,0.010938,0.002139,0.000591,0.006725
image_00221.jpg,0.059848,0.002925,0.001245,0.002142,0.011755,0.891720,0.000405,0.029959
image_00222.jpg,0.060769,0.023706,0.385990,0.006980,0.437578,0.027602,0.003710,0.053665
image_00223.jpg,0.173555,0.039686,0.027703,0.002196,0.742374,0.010989,0.000484,0.003013
image_00224.jpg,0.559467,0.375804,0.001477,0.002335,0.002971,0.000962,0.004482,0.052502
image_00225.jpg,0.135130,0.013367,0.011535,0.003980,0.724457,0.064742,0.005206,0.041583
image_00226.jpg,0.100592,0.008892,0.032267,0.078980,0.371509,0.176742,0.072779,0.158239
image_00227.jpg,0.000334,0.007681,0.004409,0.002027,0.311871,0.066339,0.581838,0.025502
image_00228.jpg,0.000197,0.000386,0.000314,0.000907,0.832786,0.156480,0.007257,0.001673
image_00229.jpg,0.976481,0.002694,0.000391,0.001766,0.008839,0.005190,0.000569,0.004071
image_00230.jpg,0.003116,0.007313,0.001116,0.003224,0.021225,0.411406,0.459014,0.093586
image_00231.jpg,0.108233,0.142511,0.066515,0.058566,0.004524,0.012479,0.016094,0.591079
image_00232.jpg,0.992861,0.000500,0.000844,0.000267,0.000749,0.001477,0.000053,0.003249
image_00233.jpg,0.988485,0.000594,0.001298,0.000101,0.000060,0.000110,0.000010,0.009342
image_00234.jpg,0.422829,0.216494,0.035796,0.002478,0.239915,0.005098,0.008038,0.069351
image_00235.jpg,0.305118,0.046988,0.070260,0.002721,0.342147,0.218728,0.006987,0.007051
image_00236.jpg,0.414678,0.294987,0.054372,0.018466,0.014989,0.081036,0.013165,0.108306
image_00237.jpg,0.668129,0.010728,0.002786,0.169090,0.011928,0.009379,0.045829,0.082132
image_00238.jpg,0.064446,0.006908,0.003182,0.043061,0.683345,0.003078,0.019849,0.176132
image_00239.jpg,0.971928,0.000984,0.000629,0.001817,0.013214,0.001318,0.000687,0.009424
image_00240.jpg,0.375180,0.047343,0.442304,0.044772,0.002621,0.001532,0.002110,0.084138
image_00241.jpg,0.728373,0.008967,0.096350,0.000416,0.146762,0.012571,0.006298,0.000262
image_00242.jpg,0.034713,0.005074,0.001044,0.001592,0.946325,0.005903,0.003743,0.001607
image_00243.jpg,0.869045,0.001699,0.002737,0.014063,0.003553,0.034464,0.000713,0.073727
image_00244.jpg,0.106303,0.860089,0.002703,0.004586,0.001402,0.013043,0.005513,0.006362
image_00245.jpg,0.251038,0.003108,0.001868,0.002099,0.735457,0.000575,0.003797,0.002057
image_00246.jpg,0.432053,0.007142,0.034699,0.001224,0.024978,0.494346,0.003460,0.002099
image_00247.jpg,0.436765,0.003989,0.001647,0.009795,0.279941,0.008357,0.257469,0.002038
image_00248.jpg,0.426969,0.008373,0.059678,0.010493,0.075179,0.402753,0.001152,0.015402
image_00249.jpg,0.103977,0.001802,0.027841,0.004331,0.024884,0.818906,0.001804,0.016454
image_00250.jpg,0.003005,0.004084,0.002209,0.005526,0.000088,0.000189,0.000694,0.984206
image_00251.jpg,0.427112,0.007834,0.002661,0.062630,0.243852,0.021766,0.010903,0.223241
image_00252.jpg,0.041022,0.011283,0.006433,0.771258,0.005952,0.070674,0.054423,0.038956
image_00253.jpg,0.001016,0.009251,0.001143,0.000811,0.785417,0.094623,0.101189,0.006549
image_00254.jpg,0.194614,0.002159,0.086047,0.011835,0.632807,0.037173,0.006300,0.029066
image_00255.jpg,0.070660,0.003742,0.001564,0.000867,0.916740,0.001646,0.001188,0.003592
image_00256.jpg,0.970223,0.004635,0.000886,0.001429,0.001826,0.012239,0.002344,0.006418
image_00257.jpg,0.000086,0.000115,0.000088,0.000375,0.995417,0.001644,0.001886,0.000388
image_00258.jpg,0.889175,0.001577,0.015605,0.001025,0.002412,0.004373,0.000139,0.085694
image_00259.jpg,0.990895,0.000408,0.004528,0.000706,0.000216,0.000699,0.000088,0.002459
image_00260.jpg,0.987467,0.000718,0.000338,0.000273,0.009048,0.000445,0.000390,0.001320
image_00261.jpg,0.071931,0.006351,0.005988,0.062096,0.000392,0.742461,0.012201,0.098582
image_00262.jpg,0.651829,0.041646,0.105414,0.028258,0.050786,0.059977,0.005578,0.056513
image_00263.jpg,0.285558,0.077195,0.024955,0.222759,0.048554,0.037363,0.038580,0.265036
image_00264.jpg,0.000000,0.000773,0.000661,0.993396,0.001836,0.000071,0.003265,0.000000
image_00265.jpg,0.622299,0.134534,0.035631,0.050321,0.038416,0.014871,0.061667,0.042260
image_00266.jpg,0.004316,0.759630,0.001553,0.032619,0.000659,0.002142,0.004577,0.194503
image_00267.jpg,0.000982,0.004745,0.003277,0.008128,0.090608,0.703089,0.155919,0.033253
image_00268.jpg,0.027122,0.001573,0.001639,0.000216,0.962471,0.001387,0.000984,0.004608
image_00269.jpg,0.862048,0.001580,0.091936,0.003092,0.026824,0.010305,0.001949,0.002267
image_00270.jpg,0.788606,0.089556,0.089768,0.003135,0.007311,0.000759,0.005384,0.015480
image_00271.jpg,0.745412,0.056649,0.024818,0.019926,0.051954,0.056629,0.000730,0.043881
image_00272.jpg,0.233306,0.346330,0.017945,0.014936,0.003174,0.339890,0.031095,0.013323
image_00273.jpg,0.013780,0.059858,0.472946,0.028484,0.000068,0.021894,0.005064,0.397906
image_00274.jpg,0.892394,0.016736,0.061160,0.007786,0.007161,0.000749,0.000877,0.013136
image_00275.jpg,0.742885,0.056497,0.006704,0.012384,0.068309,0.044695,0.004742,0.063784
image_00276.jpg,0.934421,0.003706,0.005749,0.001743,0.010729,0.002392,0.004760,0.036501
image_00277.jpg,0.061694,0.009169,0.021031,0.055369,0.542097,0.244576,0.021724,0.044339
image_00278.jpg,0.765690,0.004958,0.060170,0.001505,0.000270,0.022763,0.001105,0.143537
image_00279.jpg,0.003846,0.037480,0.005324,0.003667,0.000116,0.000811,0.004375,0.944380
image_00280.jpg,0.974866,0.001737,0.013831,0.000198,0.006302,0.002467,0.000261,0.000336
image_00281.jpg,0.834843,0.007464,0.000866,0.003902,0.045622,0.015478,0.018297,0.073528
image_00282.jpg,0.040606,0.003996,0.082804,0.041676,0.167905,0.108775,0.154216,0.400022
image_00283.jpg,0.668132,0.007202,0.001464,0.001048,0.147253,0.011461,0.005785,0.157655
image_00284.jpg,0.649361,0.019885,0.001955,0.099843,0.013959,0.036471,0.013129,0.165396
image_00285.jpg,0.032533,0.804311,0.017786,0.001877,0.000933,0.000726,0.002974,0.138858
image_00286.jpg,0.003651,0.017163,0.015195,0.005771,0.614204,0.306411,0.029668,0.007936
image_00287.jpg,0.932265,0.005970,0.010239,0.002839,0.006165,0.010779,0.004202,0.027541
image_00288.jpg,0.963688,0.002579,0.001975,0.000861,0.007343,0.006513,0.000218,0.016824
image_00289.jpg,0.398146,0.005951,0.003271,0.103853,0.003195,0.071815,0.012973,0.400796
image_00290.jpg,0.005057,0.009469,0.012152,0.010815,0.003387,0.766283,0.037421,0.155415
image_00291.jpg,0.831361,0.002325,0.000967,0.000681,0.006058,0.001244,0.000430,0.156934
image_00292.jpg,0.966493,0.001218,0.012006,0.001692,0.000159,0.003728,0.000235,0.014468
image_00293.jpg,0.442174,0.030592,0.044339,0.024058,0.003858,0.063042,0.003491,0.388446
image_00294.jpg,0.266334,0.047341,0.009631,0.002038,0.608694,0.004819,0.000874,0.060269
image_00295.jpg,0.649100,0.001362,0.004909,0.008202,0.282105,0.029197,0.002436,0.022689
image_00296.jpg,0.000065,0.000622,0.000166,0.000465,0.862537,0.006701,0.127705,0.001740
image_00297.jpg,0.000312,0.000988,0.000587,0.003891,0.065447,0.913050,0.014372,0.001353
image_00298.jpg,0.537643,0.181571,0.025269,0.001191,0.231763,0.012976,0.006323,0.003264
image_00299.jpg,0.898947,0.003277,0.007981,0.002244,0.045551,0.012310,0.001721,0.027970
image_00300.jpg,0.236753,0.014490,0.003510,0.008588,0.722893,0.004823,0.005077,0.003866
image_00301.jpg,0.975100,0.003497,0.001277,0.000337,0.010410,0.005386,0.000362,0.003631
image_00302.jpg,0.069776,0.549057,0.032503,0.008281,0.280824,0.011569,0.010480,0.037510
image_00303.jpg,0.482687,0.183663,0.014399,0.001794,0.005621,0.001755,0.003228,0.306853
image_00304.jpg,0.302756,0.081771,0.123431,0.023805,0.323021,0.061025,0.024947,0.059244
image_00305.jpg,0.352882,0.221353,0.005748,0.006361,0.001952,0.011452,0.003182,0.397071
image_00306.jpg,0.251549,0.025823,0.307588,0.049994,0.050941,0.059015,0.005081,0.250009
image_00307.jpg,0.579174,0.280197,0.022903,0.000589,0.061197,0.027549,0.001364,0.027028
image_00308.jpg,0.009732,0.024675,0.001215,0.010125,0.894980,0.029043,0.017761,0.012468
image_00309.jpg,0.750221,0.041619,0.143770,0.001768,0.012507,0.007975,0.002443,0.039697
image_00310.jpg,0.581379,0.018232,0.007254,0.010211,0.038613,0.003674,0.002872,0.337765
image_00311.jpg,0.321970,0.032416,0.015245,0.027608,0.173164,0.174883,0.089417,0.165297
image_00312.jpg,0.540367,0.026005,0.010109,0.028335,0.075265,0.136684,0.059838,0.123397
image_00313.jpg,0.271374,0.016641,0.005269,0.067180,0.222310,0.020150,0.066517,0.330559
image_00314.jpg,0.305324,0.255887,0.002601,0.025404,0.009580,0.028927,0.004195,0.368082
image_00315.jpg,0.977941,0.006385,0.002342,0.000478,0.001470,0.001923,0.000351,0.009110
image_00316.jpg,0.384075,0.010787,0.005155,0.119403,0.103286,0.022967,0.006420,0.347907
image_00317.jpg,0.000340,0.004770,0.007639,0.005859,0.585011,0.150404,0.245891,0.000087
image_00318.jpg,0.292237,0.008521,0.024538,0.031043,0.074173,0.554324,0.004876,0.010288
image_00319.jpg,0.368047,0.020592,0.012405,0.086530,0.048789,0.030811,0.020061,0.412765
image_00320.jpg,0.534276,0.102323,0.191477,0.002763,0.012361,0.003786,0.002787,0.150227
image_00321.jpg,0.382652,0.086613,0.014063,0.179885,0.002462,0.218271,0.039615,0.076439
image_00322.jpg,0.859849,0.000361,0.002126,0.003051,0.024795,0.033000,0.017616,0.059201
image_00323.jpg,0.445524,0.030054,0.008726,0.045978,0.152793,0.028595,0.054802,0.233529
image_00324.jpg,0.005803,0.133724,0.000904,0.004123,0.000137,0.000315,0.000867,0.854127
image_00325.jpg,0.003797,0.003003,0.000134,0.000614,0.939491,0.044816,0.005921,0.002224
image_00326.jpg,0.074305,0.021828,0.001824,0.043528,0.010553,0.840109,0.003036,0.004817
image_00327.jpg,0.731117,0.048843,0.031133,0.014931,0.026805,0.010386,0.002182,0.134604
image_00328.jpg,0.722989,0.013920,0.007949,0.026310,0.029330,0.041062,0.023383,0.135057
image_00329.jpg,0.547879,0.006030,0.031783,0.002004,0.012314,0.392803,0.000243,0.006944
image_00330.jpg,0.080578,0.062487,0.041842,0.041144,0.151748,0.264826,0.117665,0.239710
image_00331.jpg,0.900037,0.000974,0.001018,0.000230,0.091393,0.004697,0.000828,0.000823
image_00332.jpg,0.000625,0.001864,0.000215,0.002126,0.891606,0.031008,0.062827,0.009729
image_00333.jpg,0.923346,0.002498,0.001859,0.002111,0.031163,0.003209,0.000664,0.035151
image_00334.jpg,0.989400,0.000595,0.004967,0.000352,0.001787,0.001043,0.000180,0.001676
image_00335.jpg,0.683158,0.001665,0.004114,0.014658,0.183737,0.017264,0.018841,0.076562
image_00336.jpg,0.739824,0.003150,0.005826,0.002616,0.156481,0.003184,0.005573,0.083346
image_00337.jpg,0.053587,0.009420,0.011708,0.005229,0.855840,0.050404,0.004142,0.009669
image_00338.jpg,0.000033,0.000663,0.000037,0.000297,0.996616,0.000541,0.001775,0.000038
image_00339.jpg,0.000162,0.001461,0.000109,0.000221,0.937354,0.044303,0.012210,0.004181
image_00340.jpg,0.003640,0.008930,0.000288,0.004227,0.933013,0.014757,0.004758,0.030388
image_00341.jpg,0.948190,0.000212,0.001596,0.000333,0.045784,0.002603,0.000982,0.000300
image_00342.jpg,0.004741,0.026077,0.002468,0.003278,0.000046,0.000152,0.003084,0.960156
image_00343.jpg,0.014557,0.022956,0.002911,0.008733,0.000626,0.000616,0.000638,0.948962
image_00344.jpg,0.525279,0.000342,0.001882,0.003612,0.461387,0.005620,0.000609,0.001270
image_00345.jpg,0.229936,0.005506,0.024560,0.013868,0.617270,0.069074,0.006512,0.033274
image_00346.jpg,0.876364,0.004095,0.008579,0.002520,0.035607,0.035995,0.031613,0.005227
image_00347.jpg,0.735813,0.126727,0.001414,0.001461,0.012457,0.010532,0.007921,0.103675
image_00348.jpg,0.000186,0.000321,0.000201,0.001101,0.852230,0.033808,0.111788,0.000365
image_00349.jpg,0.950222,0.003191,0.001490,0.000742,0.002283,0.001280,0.000632,0.040161
image_00350.jpg,0.084748,0.275514,0.021947,0.050246,0.004790,0.009675,0.009529,0.543551
image_00351.jpg,0.000123,0.000745,0.000212,0.000666,0.031523,0.949905,0.016387,0.000439
image_00352.jpg,0.208100,0.189225,0.037317,0.030603,0.048318,0.040330,0.009587,0.436520
image_00353.jpg,0.898242,0.002540,0.046352,0.016982,0.002361,0.001220,0.002340,0.029964
image_00354.jpg,0.096280,0.013302,0.005356,0.091275,0.263407,0.040862,0.092299,0.397217
image_00355.jpg,0.832996,0.000610,0.006123,0.011104,0.052372,0.073003,0.018762,0.005030
image_00356.jpg,0.000067,0.146130,0.000782,0.002093,0.350286,0.017170,0.464684,0.018787
image_00357.jpg,0.000801,0.008290,0.000602,0.005486,0.810541,0.025812,0.071326,0.077143
image_00358.jpg,0.947025,0.000869,0.001993,0.001097,0.005379,0.000884,0.000629,0.042124
image_00359.jpg,0.023758,0.032777,0.009685,0.003170,0.890346,0.031754,0.007328,0.001181
image_00360.jpg,0.990060,0.000176,0.000105,0.000172,0.000325,0.007586,0.000115,0.001461
image_00361.jpg,0.773462,0.010915,0.006300,0.009893,0.010641,0.002617,0.005260,0.180914
image_00362.jpg,0.130053,0.053825,0.133955,0.032279,0.001240,0.043513,0.020547,0.584589
image_00363.jpg,0.066100,0.053212,0.012986,0.031770,0.195399,0.010637,0.015184,0.614713
image_00364.jpg,0.531398,0.004157,0.005741,0.011718,0.372127,0.046625,0.002826,0.025408
image_00365.jpg,0.179712,0.021253,0.059398,0.021320,0.498062,0.016308,0.118145,0.085802
image_00366.jpg,0.090343,0.004324,0.014509,0.005638,0.856013,0.016071,0.007561,0.005540
image_00367.jpg,0.924529,0.000535,0.001127,0.003873,0.054273,0.006708,0.002236,0.006719
image_00368.jpg,0.000270,0.001223,0.000099,0.000472,0.994522,0.001447,0.001469,0.000499
image_00369.jpg,0.764668,0.004153,0.004654,0.000654,0.063022,0.001879,0.000401,0.160569
image_00370.jpg,0.000566,0.004121,0.000355,0.000741,0.974698,0.014723,0.002424,0.002372
image_00371.jpg,0.151796,0.053369,0.008320,0.061435,0.318387,0.175750,0.113410,0.117533
image_00372.jpg,0.483448,0.005680,0.059592,0.002649,0.000531,0.000742,0.000197,0.447161
image_00373.jpg,0.106966,0.010063,0.002305,0.025505,0.003009,0.019517,0.013584,0.819052
image_00374.jpg,0.734590,0.135977,0.018422,0.018046,0.001939,0.001996,0.001002,0.088027
image_00375.jpg,0.001332,0.000574,0.000314,0.000514,0.967744,0.025451,0.002556,0.001515
image_00376.jpg,0.059412,0.082041,0.009266,0.004769,0.019657,0.002705,0.005829,0.816321
image_00377.jpg,0.249528,0.207455,0.050329,0.018440,0.014245,0.382878,0.020975,0.056150
image_00378.jpg,0.093553,0.010623,0.004600,0.052680,0.008355,0.018049,0.006780,0.805359
image_00379.jpg,0.000131,0.000882,0.000077,0.003638,0.912527,0.050943,0.028768,0.003034
image_00380.jpg,0.771841,0.116926,0.006099,0.000911,0.031811,0.005583,0.001427,0.065402
image_00381.jpg,0.136363,0.016064,0.030531,0.029220,0.000275,0.003763,0.002466,0.781318
image_00382.jpg,0.914719,0.001314,0.007982,0.000387,0.065662,0.002813,0.002536,0.004587
image_00383.jpg,0.000000,0.000000,0.000001,0.999992,0.000001,0.000000,0.000006,0.000000
image_00384.jpg,0.925764,0.000788,0.000099,0.000693,0.003192,0.000263,0.000190,0.069010
image_00385.jpg,0.290603,0.300991,0.003504,0.322116,0.002092,0.041712,0.024431,0.014551
image_00386.jpg,0.455972,0.002982,0.048681,0.019659,0.266932,0.184671,0.019056,0.002047
image_00387.jpg,0.249832,0.531471,0.121799,0.006471,0.012604,0.070530,0.006037,0.001257
image_00388.jpg,0.895977,0.000527,0.000629,0.000230,0.000607,0.094792,0.000161,0.007080
image_00389.jpg,0.825380,0.011816,0.003823,0.015129,0.011162,0.003717,0.020302,0.108672
image_00390.jpg,0.000717,0.004483,0.006561,0.002635,0.273783,0.549822,0.139809,0.022190
image_00391.jpg,0.008019,0.001336,0.001330,0.000144,0.000089,0.000039,0.000291,0.988753
image_00392.jpg,0.914909,0.002314,0.076698,0.001128,0.001839,0.001029,0.000401,0.001683
image_00393.jpg,0.059794,0.004517,0.000970,0.440035,0.244215,0.017894,0.060345,0.172230
image_00394.jpg,0.993638,0.001861,0.000484,0.000322,0.000131,0.000147,0.000034,0.003382
image_00395.jpg,0.176565,0.002627,0.002845,0.007850,0.024936,0.010430,0.003099,0.771649
image_00396.jpg,0.000402,0.015180,0.000155,0.001869,0.929594,0.042176,0.007802,0.002822
image_00397.jpg,0.000266,0.001538,0.000413,0.000703,0.886088,0.098638,0.006178,0.006177
image_00398.jpg,0.681586,0.157083,0.007387,0.038380,0.008586,0.012489,0.010048,0.084442
image_00399.jpg,0.215074,0.141656,0.032157,0.043653,0.172638,0.053316,0.077808,0.263700
image_00400.jpg,0.978776,0.007763,0.005837,0.000507,0.000654,0.000300,0.000222,0.005942
image_00401.jpg,0.034869,0.056029,0.458586,0.016927,0.111830,0.147220,0.012095,0.162444
image_00402.jpg,0.940939,0.001804,0.001782,0.001557,0.029100,0.001034,0.003853,0.019931
image_00403.jpg,0.571101,0.196904,0.006088,0.025802,0.080399,0.086857,0.011317,0.021532
image_00404.jpg,0.261634,0.017572,0.003294,0.179335,0.003599,0.014309,0.004302,0.515955
image_00405.jpg,0.573546,0.021870,0.004902,0.135755,0.014772,0.013570,0.011739,0.223847
image_00406.jpg,0.007342,0.013280,0.593925,0.145407,0.004901,0.189133,0.002912,0.043099
image_00407.jpg,0.006949,0.012386,0.000587,0.002942,0.951398,0.011694,0.011177,0.002868
image_00408.jpg,0.000294,0.035533,0.000416,0.003010,0.877089,0.049338,0.023180,0.011139
image_00409.jpg,0.171068,0.026290,0.003066,0.003587,0.117442,0.373802,0.071226,0.233520
image_00410.jpg,0.222508,0.056871,0.024725,0.003801,0.660152,0.014125,0.015157,0.002661
image_00411.jpg,0.000004,0.005714,0.001151,0.001245,0.823748,0.014509,0.147925,0.005703
image_00412.jpg,0.800976,0.007009,0.004415,0.021027,0.080483,0.049701,0.012295,0.024094
image_00413.jpg,0.943975,0.014704,0.001108,0.001615,0.009154,0.009827,0.000872,0.018744
image_00414.jpg,0.866182,0.004108,0.008587,0.003845,0.053997,0.003842,0.002156,0.057282
image_00415.jpg,0.980205,0.008667,0.003034,0.000395,0.005889,0.000512,0.000864,0.000433
image_00416.jpg,0.388243,0.031211,0.138411,0.002694,0.287244,0.101575,0.003328,0.047293
image_00417.jpg,0.034286,0.108615,0.010067,0.025072,0.603154,0.034659,0.148414,0.035733
image_00418.jpg,0.041709,0.054716,0.031070,0.037516,0.001099,0.004711,0.003342,0.825836
image_00419.jpg,0.293354,0.169568,0.089342,0.016176,0.004491,0.157916,0.045549,0.223605
image_00420.jpg,0.622530,0.095084,0.004024,0.057436,0.031235,0.033265,0.016228,0.140196
image_00421.jpg,0.779040,0.031947,0.013551,0.006073,0.057253,0.063206,0.009669,0.039262
image_00422.jpg,0.283874,0.002256,0.094726,0.014089,0.001274,0.067861,0.006406,0.529512
image_00423.jpg,0.650236,0.002633,0.002168,0.001391,0.294058,0.013023,0.020879,0.015611
image_00424.jpg,0.881853,0.002230,0.032187,0.010679,0.011752,0.002178,0.000975,0.058147
image_00425.jpg,0.177781,0.609839,0.006161,0.046603,0.054086,0.034618,0.003749,0.067164
image_00426.jpg,0.990188,0.000593,0.002268,0.001217,0.000144,0.000391,0.000112,0.005087
image_00427.jpg,0.154373,0.000508,0.000449,0.003581,0.000645,0.000610,0.000329,0.839505
image_00428.jpg,0.887318,0.006575,0.037463,0.000624,0.019919,0.006000,0.000671,0.041430
image_00429.jpg,0.520795,0.012173,0.193431,0.011184,0.003098,0.000435,0.000732,0.258152
image_00430.jpg,0.873922,0.005990,0.080720,0.002028,0.015188,0.002114,0.000924,0.019113
image_00431.jpg,0.630813,0.007146,0.007426,0.005406,0.032516,0.030279,0.001470,0.284944
image_00432.jpg,0.010082,0.016347,0.018319,0.214898,0.014244,0.100287,0.085877,0.539947
image_00433.jpg,0.470412,0.045450,0.006941,0.066310,0.016376,0.060239,0.038167,0.296105
image_00434.jpg,0.963212,0.000662,0.003151,0.000103,0.000032,0.000146,0.000020,0.032674
image_00435.jpg,0.984534,0.013083,0.000375,0.000137,0.000098,0.001306,0.000149,0.000317
image_00436.jpg,0.624549,0.003980,0.001220,0.050271,0.008616,0.017960,0.008371,0.285033
image_00437.jpg,0.638204,0.003991,0.009231,0.023110,0.047530,0.042335,0.007826,0.227774
image_00438.jpg,0.125508,0.009772,0.004663,0.001241,0.803999,0.001512,0.000817,0.052488
image_00439.jpg,0.000147,0.000910,0.001192,0.001033,0.857249,0.014448,0.121400,0.003620
image_00440.jpg,0.000327,0.001507,0.000065,0.000141,0.992919,0.000770,0.003386,0.000886
image_00441.jpg,0.000000,0.044937,0.011896,0.787135,0.067045,0.004965,0.083873,0.000149
image_00442.jpg,0.848229,0.001216,0.001484,0.003619,0.105691,0.021938,0.002961,0.014863
image_00443.jpg,0.866447,0.026029,0.036036,0.003696,0.010297,0.036862,0.008236,0.012397
image_00444.jpg,0.578833,0.020985,0.011001,0.011959,0.009363,0.018501,0.004867,0.344490
image_00445.jpg,0.535845,0.002569,0.003122,0.011286,0.405181,0.016006,0.000458,0.025533
image_00446.jpg,0.001566,0.036215,0.332708,0.014805,0.000122,0.007124,0.003924,0.603537
image_00447.jpg,0.490794,0.004311,0.008723,0.002315,0.298347,0.146167,0.002398,0.046946
image_00448.jpg,0.053706,0.080492,0.278580,0.016292,0.201907,0.312722,0.010120,0.046182
