image,ALB,BET,DOL,LAG,NoF,OTHER,SHARK,YFT
image_00001.jpg,0.019897,0.010332,0.002094,0.001241,0.149616,0.384853,0.393164,0.038803
image_00002.jpg,0.091724,0.016190,0.002647,0.000274,0.552059,0.002254,0.000048,0.334805
image_00003.jpg,0.121077,0.055463,0.005670,0.003610,0.139488,0.449014,0.204072,0.021606
image_00004.jpg,0.654373,0.007721,0.002069,0.000613,0.047103,0.120621,0.080482,0.087018
image_00005.jpg,0.780252,0.015696,0.001042,0.000192,0.181803,0.018618,0.000030,0.002368
image_00006.jpg,0.903845,0.042339,0.002008,0.000362,0.007351,0.027658,0.013883,0.002555
image_00007.jpg,0.592914,0.188061,0.000978,0.000642,0.028277,0.006737,0.000669,0.181721
image_00008.jpg,0.064206,0.110188,0.011881,0.012419,0.018074,0.080920,0.290548,0.411763
image_00009.jpg,0.902140,0.002572,0.000050,0.000039,0.003691,0.000002,0.000000,0.091505
image_00010.jpg,0.014229,0.010800,0.000489,0.001013,0.000029,0.819809,0.148299,0.005331
image_00011.jpg,0.296503,0.023178,0.006657,0.096237,0.004968,0.100963,0.134716,0.336778
image_00012.jpg,0.392287,0.019696,0.002099,0.133435,0.000807,0.126685,0.242104,0.082888
image_00013.jpg,0.147091,0.007512,0.001225,0.002908,0.000283,0.194682,0.028804,0.617495
image_00014.jpg,0.569025,0.129293,0.001054,0.009335,0.011592,0.014911,0.075083,0.189707
image_00015.jpg,0.020605,0.019192,0.006128,0.004542,0.067657,0.161515,0.240860,0.479502
image_00016.jpg,0.991179,0.001806,0.000004,0.000006,0.004546,0.000007,0.000000,0.002451
image_00017.jpg,0.001148,0.013959,0.000122,0.000247,0.000032,0.767302,0.160684,0.056506
image_00018.jpg,0.862815,0.005761,0.002204,0.032137,0.001204,0.044699,0.041577,0.009603
image_00019.jpg,0.763671,0.000003,0.000127,0.000145,0.000286,0.223678,0.011941,0.000150
image_00020.jpg,0.244823,0.002118,0.002945,0.001481,0.137486,0.373076,0.229204,0.008868
image_00021.jpg,0.904529,0.000275,0.011620,0.016445,0.003315,0.052017,0.000212,0.011587
image_00022.jpg,0.143509,0.053457,0.000017,0.000015,0.801105,0.000002,0.000021,0.001875
image_00023.jpg,0.875132,0.088098,0.000142,0.000014,0.030587,0.000067,0.000026,0.005934
image_00024.jpg,0.565576,0.035906,0.000466,0.002360,0.118672,0.004397,0.000808,0.271816
image_00025.jpg,0.899542,0.000751,0.008120,0.002463,0.001543,0.039859,0.005508,0.042214
image_00026.jpg,0.705212,0.018211,0.002510,0.000208,0.018608,0.002783,0.000177,0.252291
image_00027.jpg,0.753314,0.008218,0.000747,0.000619,0.143470,0.003925,0.004370,0.085338
image_00028.jpg,0.101121,0.035335,0.024311,0.002757,0.143182,0.206117,0.193444,0.293733
image_00029.jpg,0.859505,0.003240,0.003493,0.000420,0.028925,0.000008,0.000004,0.104405
image_00030.jpg,0.086511,0.000892,0.000850,0.036920,0.001149,0.049445,0.781542,0.042691
image_00031.jpg,0.408252,0.130479,0.001570,0.002342,0.424019,0.001903,0.029440,0.001994
image_00032.jpg,0.438737,0.000113,0.001058,0.000396,0.550303,0.008018,0.000498,0.000877
image_00033.jpg,0.676283,0.071194,0.004076,0.002032,0.042966,0.165464,0.005586,0.032400
image_00034.jpg,0.277416,0.015502,0.003105,0.000575,0.438704,0.002456,0.000064,0.262178
image_00035.jpg,0.002123,0.006077,0.003869,0.041859,0.003609,0.012645,0.072380,0.857436
image_00036.jpg,0.119999,0.003179,0.000800,0.253316,0.002314,0.100469,0.511131,0.008792
image_00037.jpg,0.144790,0.001029,0.438493,0.002648,0.058186,0.255803,0.043838,0.055212
image_00038.jpg,0.108094,0.452616,0.000081,0.000019,0.371458,0.000071,0.000274,0.067386
image_00039.jpg,0.291696,0.000233,0.000056,0.000011,0.703277,0.000045,0.000015,0.004666
image_00040.jpg,0.202553,0.004118,0.002389,0.255019,0.002166,0.126184,0.374876,0.032695
image_00041.jpg,0.275000,0.004149,0.034331,0.001996,0.061876,0.339598,0.273580,0.009470
image_00042.jpg,0.001450,0.092192,0.000441,0.001597,0.000081,0.506462,0.385205,0.012571
image_00043.jpg,0.722265,0.004581,0.000001,0.000006,0.001338,0.000000,0.000000,0.271809
image_00044.jpg,0.244546,0.049823,0.006892,0.000126,0.638181,0.024601,0.000019,0.035812
image_00045.jpg,0.130228,0.003055,0.003789,0.000634,0.286613,0.454275,0.100108,0.021299
image_00046.jpg,0.209735,0.071507,0.000391,0.000041,0.586799,0.000044,0.000032,0.131450
image_00047.jpg,0.941264,0.010631,0.000638,0.000100,0.007092,0.015085,0.000774,0.024417
image_00048.jpg,0.011776,0.008661,0.002915,0.003469,0.004863,0.735569,0.001884,0.230864
image_00049.jpg,0.001083,0.051847,0.000017,0.000001,0.941169,0.000000,0.000000,0.005883
image_00050.jpg,0.496765,0.005022,0.002982,0.000122,0.440031,0.037464,0.000017,0.017598
image_00051.jpg,0.112877,0.000258,0.122953,0.000463,0.003735,0.628737,0.013525,0.117453
image_00052.jpg,0.013174,0.034745,0.001302,0.000733,0.000024,0.310268,0.024418,0.615337
image_00053.jpg,0.971636,0.000026,0.000046,0.000132,0.004051,0.021660,0.000216,0.002232
image_00054.jpg,0.062776,0.005382,0.002994,0.597419,0.002131,0.015321,0.195686,0.118292
image_00055.jpg,0.066800,0.014941,0.008078,0.038037,0.000972,0.589697,0.251752,0.029723
image_00056.jpg,0.002432,0.000848,0.000551,0.007614,0.000305,0.044249,0.942459,0.001543
image_00057.jpg,0.039444,0.051842,0.001426,0.013668,0.000618,0.282378,0.526255,0.084369
image_00058.jpg,0.651080,0.006918,0.000209,0.000092,0.018369,0.000038,0.000003,0.323291
image_00059.jpg,0.061638,0.052840,0.002583,0.004557,0.001294,0.468360,0.368408,0.040321
image_00060.jpg,0.005449,0.012393,0.000073,0.000360,0.000001,0.804746,0.176054,0.000925
image_00061.jpg,0.584251,0.022485,0.005978,0.002747,0.147626,0.159843,0.002630,0.074442
image_00062.jpg,0.088983,0.003175,0.089880,0.002985,0.004279,0.156187,0.249437,0.405075
image_00063.jpg,0.519616,0.007364,0.001732,0.018504,0.334035,0.034775,0.076996,0.006979
image_00064.jpg,0.461557,0.000146,0.000022,0.000009,0.528886,0.000074,0.000007,0.009299
image_00065.jpg,0.100376,0.016350,0.003149,0.009987,0.001847,0.044631,0.719654,0.104006
image_00066.jpg,0.917316,0.000643,0.003287,0.001509,0.003248,0.058238,0.014749,0.001012
image_00067.jpg,0.491365,0.255050,0.000970,0.000058,0.000392,0.236239,0.000081,0.015846
image_00068.jpg,0.123002,0.157024,0.002390,0.000054,0.687483,0.001360,0.000010,0.028677
image_00069.jpg,0.294265,0.020446,0.005388,0.000646,0.280622,0.020986,0.000209,0.377438
image_00070.jpg,0.032103,0.559297,0.112570,0.000434,0.019213,0.107568,0.045995,0.122821
image_00071.jpg,0.778171,0.156691,0.005692,0.000620,0.006339,0.007697,0.003359,0.041431
image_00072.jpg,0.254023,0.078177,0.006332,0.004994,0.371407,0.049068,0.038520,0.197478
image_00073.jpg,0.760845,0.138033,0.000636,0.000046,0.081509,0.000039,0.000006,0.018885
image_00074.jpg,0.258458,0.309504,0.117776,0.028192,0.024188,0.138153,0.038521,0.085208
image_00075.jpg,0.299464,0.072924,0.026878,0.016020,0.006119,0.111782,0.465816,0.000997
image_00076.jpg,0.031304,0.003235,0.004821,0.001835,0.175571,0.119243,0.655569,0.008422
image_00077.jpg,0.020283,0.011933,0.003048,0.000398,0.001426,0.354007,0.025664,0.583241
image_00078.jpg,0.014897,0.058938,0.000609,0.000555,0.000547,0.048843,0.857504,0.018107
image_00079.jpg,0.363451,0.083811,0.007160,0.001450,0.224229,0.054386,0.000320,0.265192
image_00080.jpg,0.451328,0.000798,0.169237,0.001743,0.004432,0.351875,0.003233,0.017353
image_00081.jpg,0.249124,0.118857,0.001108,0.006544,0.059031,0.056296,0.009711,0.499329
image_00082.jpg,0.024992,0.033213,0.005319,0.000288,0.430597,0.010983,0.002566,0.492043
image_00083.jpg,0.063295,0.094399,0.003992,0.000598,0.391498,0.093325,0.027459,0.325434
image_00084.jpg,0.157795,0.002342,0.018601,0.004631,0.454814,0.203265,0.153088,0.005464
image_00085.jpg,0.025391,0.097632,0.000552,0.035898,0.169132,0.000352,0.001104,0.669938
image_00086.jpg,0.009528,0.008893,0.000925,0.001228,0.000305,0.481163,0.404848,0.093110
image_00087.jpg,0.220264,0.236596,0.013763,0.001454,0.022191,0.014940,0.001083,0.489709
image_00088.jpg,0.600331,0.034075,0.003203,0.001272,0.052892,0.135190,0.026818,0.146219
image_00089.jpg,0.000565,0.000031,0.000042,0.000137,0.000026,0.032052,0.967067,0.000080
image_00090.jpg,0.044733,0.104430,0.048935,0.000815,0.547043,0.009291,0.029586,0.215166
image_00091.jpg,0.940022,0.058952,0.000330,0.000015,0.000565,0.000099,0.000009,0.000008
image_00092.jpg,0.209406,0.052731,0.000067,0.000300,0.648217,0.026766,0.049440,0.013074
image_00093.jpg,0.020710,0.033221,0.004186,0.026902,0.005207,0.117456,0.608794,0.183524
image_00094.jpg,0.802111,0.000040,0.000383,0.000065,0.000150,0.193788,0.000015,0.003449
image_00095.jpg,0.729723,0.007830,0.000637,0.000220,0.006160,0.226945,0.012621,0.015864
image_00096.jpg,0.071617,0.000603,0.004672,0.008780,0.002840,0.030021,0.783070,0.098398
image_00097.jpg,0.050839,0.128119,0.002997,0.000706,0.245705,0.137395,0.061454,0.372786
image_00098.jpg,0.031156,0.009097,0.019874,0.001560,0.565345,0.028346,0.280512,0.064111
image_00099.jpg,0.120844,0.535814,0.000966,0.000251,0.000499,0.012139,0.060650,0.268837
image_00100.jpg,0.010959,0.005668,0.001721,0.002211,0.002736,0.036882,0.928495,0.011328
image_00101.jpg,0.557217,0.000479,0.006842,0.000855,0.005353,0.133881,0.284103,0.011271
image_00102.jpg,0.506805,0.016545,0.002110,0.000570,0.135533,0.006278,0.000191,0.331968
image_00103.jpg,0.166424,0.096851,0.006384,0.012827,0.009116,0.010515,0.055611,0.642273
image_00104.jpg,0.350761,0.009181,0.001848,0.000233,0.468630,0.001537,0.000133,0.167676
image_00105.jpg,0.009952,0.012771,0.000391,0.000753,0.000114,0.125273,0.848448,0.002298
image_00106.jpg,0.111705,0.408745,0.001526,0.001402,0.004456,0.017276,0.447712,0.007178
image_00107.jpg,0.021673,0.004910,0.004111,0.000801,0.000694,0.941077,0.021093,0.005641
image_00108.jpg,0.657987,0.037323,0.001581,0.005390,0.215856,0.022110,0.020042,0.039710
image_00109.jpg,0.007846,0.000823,0.000099,0.000014,0.989979,0.000203,0.000060,0.000976
image_00110.jpg,0.291864,0.071063,0.021335,0.002275,0.071689,0.323228,0.145065,0.073480
image_00111.jpg,0.048792,0.005160,0.015995,0.002695,0.053856,0.253524,0.612353,0.007625
image_00112.jpg,0.887652,0.000007,0.002654,0.000155,0.000725,0.108170,0.000316,0.000321
image_00113.jpg,0.013323,0.003652,0.139386,0.004679,0.004114,0.616023,0.022367,0.196457
image_00114.jpg,0.081646,0.009858,0.009997,0.000479,0.001596,0.512043,0.276370,0.108011
image_00115.jpg,0.626675,0.010492,0.000030,0.000161,0.009542,0.000044,0.000010,0.353046
image_00116.jpg,0.365575,0.002878,0.002306,0.000736,0.000867,0.463856,0.014259,0.149524
image_00117.jpg,0.893201,0.000015,0.000727,0.000135,0.009299,0.093587,0.000056,0.002980
image_00118.jpg,0.439950,0.006946,0.029737,0.001869,0.379231,0.028031,0.076256,0.037980
image_00119.jpg,0.144796,0.004525,0.003620,0.009213,0.004489,0.165388,0.636265,0.031705
image_00120.jpg,0.027666,0.005911,0.003568,0.000584,0.298555,0.578258,0.063035,0.022422
image_00121.jpg,0.006662,0.000502,0.000006,0.000002,0.958562,0.000093,0.000000,0.034173
image_00122.jpg,0.929587,0.048377,0.000246,0.000033,0.000578,0.012179,0.000356,0.008645
image_00123.jpg,0.135347,0.050522,0.003212,0.000391,0.426694,0.000319,0.000070,0.383446
image_00124.jpg,0.438375,0.000186,0.181493,0.000948,0.001503,0.347130,0.000450,0.029916
image_00125.jpg,0.016390,0.022140,0.005348,0.009841,0.232215,0.176908,0.528467,0.008690
image_00126.jpg,0.027079,0.002416,0.001258,0.296628,0.000383,0.089481,0.466794,0.115960
image_00127.jpg,0.015477,0.023956,0.001934,0.040418,0.000779,0.153043,0.654138,0.110255
image_00128.jpg,0.045400,0.000034,0.000680,0.000083,0.000980,0.931954,0.000842,0.020026
image_00129.jpg,0.170402,0.035650,0.001204,0.000316,0.760695,0.001493,0.002250,0.027989
image_00130.jpg,0.036450,0.033649,0.012471,0.009644,0.020939,0.630659,0.094276,0.161912
image_00131.jpg,0.059577,0.000405,0.010087,0.001026,0.031768,0.094923,0.801667,0.000545
image_00132.jpg,0.098745,0.008895,0.001548,0.000387,0.025290,0.324031,0.246896,0.294208
image_00133.jpg,0.758206,0.057298,0.001225,0.000805,0.149366,0.001381,0.002049,0.029670
image_00134.jpg,0.042871,0.006985,0.002459,0.001752,0.141988,0.335923,0.442952,0.025071
image_00135.jpg,0.222005,0.005384,0.000846,0.001743,0.000400,0.718495,0.029637,0.021490
image_00136.jpg,0.533808,0.002690,0.013406,0.233135,0.002725,0.051790,0.051552,0.110892
image_00137.jpg,0.240250,0.032179,0.000219,0.000025,0.584700,0.000019,0.000018,0.142590
image_00138.jpg,0.022001,0.009806,0.003855,0.000061,0.000018,0.643829,0.104360,0.216069
image_00139.jpg,0.019287,0.193980,0.001329,0.000497,0.000767,0.615438,0.135435,0.033267
image_00140.jpg,0.445454,0.121609,0.000343,0.001748,0.000588,0.269585,0.028699,0.131975
image_00141.jpg,0.442825,0.086786,0.027442,0.000618,0.324896,0.010766,0.000054,0.106614
image_00142.jpg,0.639928,0.073266,0.010907,0.001891,0.006563,0.125062,0.062689,0.079694
image_00143.jpg,0.248371,0.010301,0.075040,0.004652,0.148295,0.163628,0.172268,0.177444
image_00144.jpg,0.520150,0.010525,0.005806,0.011583,0.317716,0.086326,0.028444,0.019451
image_00145.jpg,0.004255,0.040492,0.000068,0.000186,0.000165,0.070551,0.870303,0.013979
image_00146.jpg,0.876610,0.000456,0.009973,0.018254,0.004402,0.059137,0.000178,0.030991
image_00147.jpg,0.271164,0.187863,0.000227,0.000115,0.514969,0.000078,0.000763,0.024821
image_00148.jpg,0.025538,0.152431,0.005380,0.000464,0.653576,0.028926,0.001973,0.131711
image_00149.jpg,0.068779,0.008737,0.012907,0.027982,0.008931,0.063679,0.646489,0.162496
image_00150.jpg,0.258009,0.002124,0.000434,0.004048,0.685256,0.042389,0.005029,0.002711
image_00151.jpg,0.225261,0.030245,0.020669,0.001229,0.233329,0.156159,0.062882,0.270226
image_00152.jpg,0.713085,0.093609,0.000687,0.001986,0.018664,0.010184,0.004280,0.157506
image_00153.jpg,0.641883,0.000853,0.000198,0.000052,0.022513,0.002175,0.007195,0.325130
image_00154.jpg,0.009685,0.189032,0.002458,0.000424,0.647645,0.007928,0.004646,0.138182
image_00155.jpg,0.407907,0.081796,0.006938,0.169878,0.016138,0.028703,0.126463,0.162177
image_00156.jpg,0.233080,0.320864,0.003965,0.001306,0.048098,0.008561,0.002396,0.381730
image_00157.jpg,0.034448,0.001182,0.148673,0.000616,0.000073,0.807782,0.006576,0.000650
image_00158.jpg,0.456383,0.019959,0.000540,0.000093,0.498043,0.000866,0.000747,0.023370
image_00159.jpg,0.000953,0.000316,0.006484,0.000073,0.000209,0.827911,0.163152,0.000903
image_00160.jpg,0.864616,0.000160,0.001120,0.000364,0.002039,0.113648,0.016040,0.002014
image_00161.jpg,0.345652,0.013814,0.005532,0.001994,0.519786,0.076263,0.001783,0.035176
image_00162.jpg,0.152229,0.000734,0.031768,0.000329,0.014492,0.759188,0.008686,0.032575
image_00163.jpg,0.243776,0.008832,0.000853,0.007075,0.000511,0.006790,0.007484,0.724679
image_00164.jpg,0.511234,0.002812,0.091596,0.001315,0.262555,0.044323,0.042252,0.043914
image_00165.jpg,0.548099,0.010756,0.000268,0.001120,0.053646,0.000475,0.000008,0.385628
image_00166.jpg,0.011130,0.013820,0.002252,0.000760,0.403391,0.397887,0.157003,0.013757
image_00167.jpg,0.863099,0.004910,0.001132,0.018349,0.034866,0.007572,0.047154,0.022919
image_00168.jpg,0.440932,0.005694,0.018921,0.403175,0.006758,0.062309,0.008898,0.053312
image_00169.jpg,0.022147,0.000874,0.005796,0.000803,0.321707,0.626922,0.019607,0.002144
image_00170.jpg,0.047227,0.012933,0.009363,0.040834,0.007248,0.026478,0.342448,0.513469
image_00171.jpg,0.345333,0.001231,0.000130,0.000011,0.605665,0.000040,0.000002,0.047587
image_00172.jpg,0.179988,0.021209,0.004579,0.000823,0.529626,0.121643,0.000055,0.142076
image_00173.jpg,0.142141,0.180789,0.002449,0.001268,0.271683,0.121549,0.041498,0.238622
image_00174.jpg,0.487021,0.093780,0.004206,0.001268,0.028841,0.037876,0.145573,0.201435
image_00175.jpg,0.756706,0.017393,0.003436,0.000386,0.023194,0.175902,0.019924,0.003060
image_00176.jpg,0.889664,0.073252,0.003675,0.000362,0.003727,0.006604,0.002528,0.020189
image_00177.jpg,0.080749,0.263953,0.001568,0.000323,0.406878,0.001251,0.002359,0.242919
image_00178.jpg,0.011064,0.030081,0.003594,0.012835,0.002671,0.014930,0.455022,0.469803
image_00179.jpg,0.875082,0.000036,0.015963,0.000820,0.003961,0.099933,0.000099,0.004106
image_00180.jpg,0.048794,0.591584,0.002327,0.000157,0.120132,0.003549,0.004427,0.229030
image_00181.jpg,0.042711,0.072911,0.005072,0.000519,0.610484,0.024471,0.002488,0.241344
image_00182.jpg,0.661835,0.036261,0.003285,0.003461,0.007073,0.055706,0.013425,0.218954
image_00183.jpg,0.414323,0.002516,0.122075,0.002391,0.347013,0.002314,0.101886,0.007482
image_00184.jpg,0.081228,0.043764,0.004388,0.003084,0.000882,0.496163,0.163528,0.206964
image_00185.jpg,0.656674,0.016150,0.001476,0.002466,0.077327,0.110976,0.062732,0.072198
image_00186.jpg,0.482028,0.012189,0.000664,0.000129,0.440950,0.010612,0.000552,0.052875
image_00187.jpg,0.046510,0.116245,0.003742,0.000664,0.602177,0.065995,0.028222,0.136445
image_00188.jpg,0.242392,0.012121,0.008293,0.003683,0.335434,0.074228,0.239017,0.084832
image_00189.jpg,0.316088,0.000109,0.089472,0.000175,0.195410,0.254590,0.026753,0.117403
image_00190.jpg,0.593427,0.173105,0.183049,0.000401,0.002573,0.002047,0.033823,0.011574
image_00191.jpg,0.841502,0.016957,0.002263,0.002047,0.001749,0.124055,0.001464,0.009963
image_00192.jpg,0.005333,0.005677,0.002758,0.018171,0.002075,0.011416,0.501301,0.453268
image_00193.jpg,0.428529,0.107111,0.004484,0.003790,0.047411,0.046530,0.143602,0.218544
image_00194.jpg,0.681645,0.075505,0.000027,0.000113,0.000794,0.001089,0.000011,0.240815
image_00195.jpg,0.134491,0.020506,0.002996,0.198013,0.002432,0.021745,0.211602,0.408214
image_00196.jpg,0.406800,0.012079,0.000012,0.000035,0.579332,0.000173,0.000060,0.001509
image_00197.jpg,0.603792,0.019230,0.003558,0.001588,0.027931,0.061930,0.108890,0.173081
image_00198.jpg,0.282417,0.189499,0.120084,0.002264,0.014975,0.311253,0.016575,0.062933
image_00199.jpg,0.336556,0.008261,0.167180,0.006969,0.015315,0.181637,0.274018,0.010063
image_00200.jpg,0.086735,0.006947,0.007058,0.002448,0.002484,0.319542,0.521957,0.052830
image_00201.jpg,0.010268,0.010322,0.011195,0.001220,0.184623,0.297336,0.396827,0.088209
image_00202.jpg,0.116201,0.147439,0.002230,0.000098,0.602938,0.001162,0.000106,0.129827
image_00203.jpg,0.078254,0.025054,0.004126,0.005637,0.000955,0.288530,0.569304,0.028140
image_00204.jpg,0.096704,0.013486,0.002259,0.490214,0.007858,0.030208,0.175719,0.183551
image_00205.jpg,0.117165,0.002238,0.045749,0.003602,0.353537,0.147261,0.325452,0.004996
image_00206.jpg,0.987473,0.000022,0.003256,0.000330,0.007333,0.000836,0.000066,0.000683
image_00207.jpg,0.117788,0.001724,0.007164,0.000922,0.021495,0.632318,0.210091,0.008497
image_00208.jpg,0.828335,0.037373,0.000034,0.000003,0.010664,0.000010,0.000014,0.123567
image_00209.jpg,0.380212,0.008280,0.000491,0.000045,0.596881,0.000509,0.000024,0.013557
image_00210.jpg,0.334459,0.042687,0.001683,0.000460,0.535209,0.013803,0.017647,0.054052
image_00211.jpg,0.794443,0.006578,0.000857,0.000297,0.000454,0.161262,0.013556,0.022552
image_00212.jpg,0.576808,0.013321,0.001469,0.001718,0.061556,0.302148,0.018916,0.024064
image_00213.jpg,0.000157,0.000130,0.000043,0.000069,0.000034,0.079951,0.919574,0.000041
image_00214.jpg,0.000068,0.002727,0.000034,0.000228,0.000001,0.197428,0.799312,0.000202
image_00215.jpg,0.074409,0.031472,0.005372,0.102839,0.002715,0.030161,0.623242,0.129789
image_00216.jpg,0.083595,0.031630,0.000610,0.000296,0.000107,0.782377,0.095442,0.005943
image_00217.jpg,0.611623,0.001790,0.000993,0.003303,0.022005,0.122672,0.232247,0.005366
image_00218.jpg,0.021788,0.005967,0.002979,0.032938,0.002658,0.011250,0.524376,0.398042
image_00219.jpg,0.175760,0.000866,0.003269,0.001214,0.071779,0.015341,0.725151,0.006619
image_00220.jpg,0.562486,0.000216,0.271459,0.003768,0.002514,0.145379,0.000221,0.013957
image_00221.jpg,0.497341,0.145330,0.016626,0.001412,0.062245,0.032514,0.000970,0.243563
image_00222.jpg,0.463188,0.008544,0.005548,0.054182,0.106596,0.085169,0.239184,0.037587
image_00223.jpg,0.152255,0.038030,0.000072,0.000050,0.783780,0.000159,0.000008,0.025647
image_00224.jpg,0.009734,0.008871,0.000947,0.000384,0.000013,0.834387,0.143402,0.002262
image_00225.jpg,0.016791,0.008484,0.002429,0.002110,0.077979,0.086429,0.797504,0.008276
image_00226.jpg,0.377631,0.009632,0.002016,0.001835,0.006681,0.550377,0.016502,0.035326
image_00227.jpg,0.105713,0.005799,0.104470,0.003192,0.047779,0.498928,0.113541,0.120578
image_00228.jpg,0.117534,0.002181,0.001840,0.000381,0.004448,0.085893,0.767884,0.019840
image_00229.jpg,0.909615,0.005346,0.003389,0.011430,0.050008,0.011236,0.006950,0.002025
image_00230.jpg,0.262378,0.001000,0.027252,0.007555,0.055768,0.337253,0.287832,0.020963
image_00231.jpg,0.230231,0.039240,0.017505,0.000637,0.001080,0.492244,0.008905,0.210158
image_00232.jpg,0.231475,0.018112,0.004471,0.003874,0.423302,0.026281,0.005876,0.286609
image_00233.jpg,0.912263,0.000088,0.000975,0.000262,0.001093,0.039359,0.000077,0.045883
image_00234.jpg,0.026120,0.012919,0.000179,0.000011,0.892257,0.000111,0.000023,0.068380
image_00235.jpg,0.374861,0.012840,0.014681,0.002197,0.290416,0.156066,0.125731,0.023208
image_00236.jpg,0.791761,0.193181,0.002667,0.000166,0.002426,0.001351,0.000551,0.007896
image_00237.jpg,0.007939,0.003959,0.000398,0.105378,0.000285,0.016502,0.814105,0.051432
image_00238.jpg,0.131117,0.056066,0.018104,0.051161,0.007162,0.273346,0.252040,0.211003
image_00239.jpg,0.224262,0.023924,0.002216,0.094654,0.012211,0.028961,0.235574,0.378197
image_00240.jpg,0.908947,0.000475,0.005452,0.000200,0.000460,0.006037,0.000015,0.078414
image_00241.jpg,0.180394,0.005965,0.000359,0.000106,0.792976,0.004548,0.000110,0.015542
image_00242.jpg,0.213309,0.083858,0.025145,0.005730,0.108347,0.508645,0.039615,0.015351
image_00243.jpg,0.236509,0.057494,0.014081,0.019064,0.296704,0.024997,0.133119,0.218032
image_00244.jpg,0.199077,0.221946,0.002554,0.000322,0.000604,0.267432,0.307641,0.000423
image_00245.jpg,0.242049,0.011868,0.001050,0.000169,0.703443,0.001665,0.000079,0.039677
image_00246.jpg,0.864299,0.002309,0.014438,0.000687,0.002320,0.000015,0.000045,0.115886
image_00247.jpg,0.041121,0.005437,0.014697,0.038295,0.001119,0.111401,0.440849,0.347082
image_00248.jpg,0.082604,0.003812,0.000657,0.000235,0.042815,0.000028,0.000003,0.869846
image_00249.jpg,0.876330,0.003051,0.006402,0.001248,0.008554,0.000556,0.000080,0.103779
image_00250.jpg,0.060710,0.004093,0.011605,0.000313,0.000376,0.363831,0.000466,0.558608
image_00251.jpg,0.000316,0.000013,0.000061,0.025276,0.000079,0.027800,0.946428,0.000027
image_00252.jpg,0.091479,0.004144,0.003730,0.450153,0.003094,0.025240,0.156866,0.265294
image_00253.jpg,0.116627,0.000469,0.255853,0.002478,0.333707,0.012171,0.176241,0.102456
image_00254.jpg,0.377762,0.144123,0.005116,0.001739,0.028321,0.137794,0.001502,0.303643
image_00255.jpg,0.578187,0.000515,0.000387,0.000158,0.404989,0.010397,0.000966,0.004399
image_00256.jpg,0.450949,0.042795,0.000821,0.000571,0.000266,0.234357,0.267367,0.002875
image_00257.jpg,0.064275,0.023411,0.002883,0.000924,0.527226,0.277655,0.045366,0.058259
image_00258.jpg,0.627526,0.015519,0.000470,0.000032,0.346781,0.000253,0.000002,0.009416
image_00259.jpg,0.813637,0.000315,0.078558,0.002020,0.002089,0.100985,0.000263,0.002133
image_00260.jpg,0.508962,0.052275,0.003465,0.006362,0.013723,0.063372,0.265398,0.086443
image_00261.jpg,0.076289,0.006126,0.018083,0.108067,0.002278,0.186097,0.000137,0.602923
image_00262.jpg,0.011201,0.000484,0.000088,0.000006,0.987899,0.000003,0.000000,0.000319
image_00263.jpg,0.003231,0.017600,0.004119,0.511216,0.000802,0.048355,0.234343,0.180333
image_00264.jpg,0.508013,0.198661,0.045438,0.004372,0.099253,0.057833,0.018507,0.067924
image_00265.jpg,0.721146,0.085209,0.001955,0.001924,0.084038,0.083854,0.006243,0.015631
image_00266.jpg,0.077576,0.008220,0.001752,0.008710,0.000884,0.772178,0.115622,0.015058
image_00267.jpg,0.014850,0.000210,0.000031,0.000018,0.000044,0.066063,0.918105,0.000678
image_00268.jpg,0.337341,0.003441,0.014713,0.006615,0.230123,0.295082,0.110489,0.002195
image_00269.jpg,0.770275,0.000498,0.012960,0.001756,0.008184,0.203449,0.000650,0.002227
image_00270.jpg,0.777150,0.000014,0.000994,0.000146,0.000459,0.020675,0.100083,0.100480
image_00271.jpg,0.686738,0.015497,0.004472,0.007449,0.029109,0.128271,0.008824,0.119639
image_00272.jpg,0.883858,0.011147,0.000193,0.000102,0.100004,0.000437,0.000378,0.003881
image_00273.jpg,0.144600,0.028142,0.167066,0.002170,0.003907,0.133648,0.036006,0.484461
image_00274.jpg,0.823073,0.000018,0.009720,0.000129,0.000105,0.166719,0.000014,0.000222
image_00275.jpg,0.784366,0.000270,0.000764,0.000888,0.046508,0.165631,0.000258,0.001314
image_00276.jpg,0.314770,0.042456,0.003129,0.000286,0.483138,0.010289,0.005262,0.140670
image_00277.jpg,0.004309,0.001189,0.001481,0.023231,0.000869,0.029457,0.929121,0.010342
image_00278.jpg,0.918568,0.047418,0.027232,0.000055,0.000305,0.006112,0.000292,0.000018
image_00279.jpg,0.025056,0.008252,0.286660,0.001306,0.005938,0.296963,0.001111,0.374715
image_00280.jpg,0.119408,0.003546,0.000983,0.003017,0.586019,0.019379,0.259752,0.007897
image_00281.jpg,0.219483,0.007242,0.008068,0.030727,0.027707,0.016157,0.134563,0.556053
image_00282.jpg,0.612423,0.082162,0.018796,0.000515,0.001570,0.232697,0.001135,0.050700
image_00283.jpg,0.793230,0.044619,0.002482,0.000137,0.067718,0.063517,0.000199,0.028099
image_00284.jpg,0.060409,0.001829,0.000578,0.005824,0.000471,0.225740,0.698757,0.006391
image_00285.jpg,0.343191,0.052280,0.017064,0.001423,0.123715,0.202419,0.025550,0.234357
image_00286.jpg,0.036178,0.000224,0.036097,0.000896,0.139876,0.543654,0.242777,0.000297
image_00287.jpg,0.030564,0.000508,0.000201,0.000224,0.958855,0.000214,0.000000,0.009433
image_00288.jpg,0.183562,0.022144,0.001614,0.002152,0.072664,0.022784,0.021040,0.674039
image_00289.jpg,0.393486,0.010323,0.002917,0.288704,0.012083,0.164505,0.065028,0.062955
image_00290.jpg,0.001504,0.000354,0.005011,0.000573,0.000616,0.596586,0.394954,0.000402
image_00291.jpg,0.557002,0.038925,0.012673,0.011395,0.015599,0.107971,0.038465,0.217969
image_00292.jpg,0.987224,0.003390,0.000984,0.000091,0.001190,0.006040,0.000242,0.000840
image_00293.jpg,0.271526,0.004961,0.009562,0.001326,0.002380,0.582892,0.034917,0.092436
image_00294.jpg,0.539188,0.029460,0.000023,0.000042,0.139425,0.000006,0.000005,0.291851
image_00295.jpg,0.234843,0.002405,0.000876,0.349961,0.166890,0.014956,0.219854,0.010213
image_00296.jpg,0.149415,0.001703,0.094506,0.002516,0.275147,0.067879,0.403704,0.005130
image_00297.jpg,0.096276,0.017087,0.006529,0.001700,0.093937,0.167848,0.568762,0.047860
image_00298.jpg,0.979755,0.001228,0.000001,0.000008,0.000783,0.000030,0.000001,0.018193
image_00299.jpg,0.409333,0.015096,0.000337,0.000049,0.522592,0.000007,0.000001,0.052586
image_00300.jpg,0.061521,0.184118,0.018206,0.000223,0.404279,0.002265,0.000036,0.329352
image_00301.jpg,0.247673,0.020442,0.001360,0.000074,0.384926,0.000035,0.000006,0.345484
image_00302.jpg,0.548038,0.003538,0.000290,0.000739,0.001958,0.008692,0.101829,0.334915
image_00303.jpg,0.734042,0.018288,0.001508,0.000189,0.001807,0.121367,0.002251,0.120547
image_00304.jpg,0.003558,0.001103,0.000059,0.000033,0.988313,0.000089,0.000002,0.006843
image_00305.jpg,0.135399,0.009483,0.041432,0.002170,0.028529,0.144857,0.350017,0.288113
image_00306.jpg,0.191281,0.002535,0.007343,0.000502,0.000646,0.421983,0.188804,0.186906
image_00307.jpg,0.148203,0.245275,0.002099,0.001132,0.177182,0.019528,0.035030,0.371552
image_00308.jpg,0.334399,0.024888,0.001945,0.000778,0.337778,0.036971,0.039980,0.223261
image_00309.jpg,0.195918,0.000481,0.000522,0.000120,0.658535,0.141548,0.001275,0.001601
image_00310.jpg,0.147592,0.064185,0.012896,0.004110,0.005537,0.129196,0.433486,0.202997
image_00311.jpg,0.180839,0.031516,0.021661,0.047499,0.019489,0.064427,0.420200,0.214368
image_00312.jpg,0.645683,0.019510,0.004300,0.083953,0.055112,0.176590,0.000950,0.013901
image_00313.jpg,0.027845,0.034557,0.013587,0.316336,0.033215,0.038756,0.163233,0.372470
image_00314.jpg,0.280988,0.002606,0.023319,0.008762,0.009635,0.522370,0.132125,0.020196
image_00315.jpg,0.000901,0.042704,0.004199,0.000071,0.000040,0.579418,0.263402,0.109264
image_00316.jpg,0.002725,0.029358,0.002247,0.011771,0.002875,0.055363,0.884691,0.010969
image_00317.jpg,0.829709,0.000835,0.013066,0.010615,0.004003,0.016592,0.087316,0.037864
image_00318.jpg,0.589289,0.049760,0.006835,0.002958,0.011006,0.069209,0.111257,0.159687
image_00319.jpg,0.000250,0.000041,0.000138,0.037145,0.000124,0.027068,0.934795,0.000438
image_00320.jpg,0.461510,0.258020,0.000900,0.000008,0.207201,0.000025,0.000000,0.072335
image_00321.jpg,0.320921,0.225686,0.015417,0.001700,0.012858,0.208991,0.000543,0.213885
image_00322.jpg,0.692006,0.234576,0.000157,0.000054,0.064158,0.002232,0.000030,0.006787
image_00323.jpg,0.082441,0.004862,0.018241,0.024575,0.001717,0.036379,0.788978,0.042807
image_00324.jpg,0.062064,0.079244,0.000157,0.000262,0.000019,0.730628,0.006698,0.120928
image_00325.jpg,0.042786,0.071021,0.007946,0.000997,0.187475,0.400557,0.165610,0.123608
image_00326.jpg,0.533583,0.010689,0.018068,0.003705,0.012963,0.053253,0.164236,0.203504
image_00327.jpg,0.194059,0.003406,0.010062,0.004573,0.000378,0.625136,0.088364,0.074023
image_00328.jpg,0.106382,0.021513,0.006873,0.040438,0.006954,0.024999,0.251654,0.541189
image_00329.jpg,0.084039,0.003500,0.000101,0.000765,0.729733,0.056656,0.017220,0.107987
image_00330.jpg,0.432495,0.004962,0.006052,0.032677,0.009356,0.405414,0.071732,0.037311
image_00331.jpg,0.646318,0.012254,0.008831,0.003214,0.009905,0.315409,0.001714,0.002356
image_00332.jpg,0.004492,0.000420,0.000507,0.000290,0.004697,0.181847,0.805345,0.002403
image_00333.jpg,0.366720,0.072894,0.003676,0.000192,0.521541,0.000192,0.000608,0.034177
image_00334.jpg,0.862101,0.001621,0.041645,0.001661,0.015415,0.055939,0.002702,0.018915
image_00335.jpg,0.000211,0.000245,0.000504,0.006356,0.000608,0.108289,0.882930,0.000856
image_00336.jpg,0.759350,0.111065,0.002419,0.001428,0.076786,0.024543,0.003824,0.020585
image_00337.jpg,0.548276,0.003449,0.003189,0.001200,0.335754,0.102492,0.002483,0.003156
image_00338.jpg,0.309826,0.104081,0.004990,0.001996,0.261801,0.007428,0.039243,0.270636
image_00339.jpg,0.006832,0.001097,0.001534,0.000366,0.022313,0.233454,0.725329,0.009075
image_00340.jpg,0.200978,0.108735,0.004673,0.000764,0.185135,0.035131,0.021965,0.442619
image_00341.jpg,0.240369,0.155967,0.002055,0.002196,0.037112,0.156586,0.016705,0.389009
image_00342.jpg,0.001564,0.004888,0.000358,0.000038,0.000024,0.009015,0.003033,0.981080
image_00343.jpg,0.055070,0.190749,0.012821,0.000184,0.000267,0.701101,0.002373,0.037436
image_00344.jpg,0.702531,0.004959,0.000790,0.000330,0.182245,0.092452,0.000923,0.015769
image_00345.jpg,0.051260,0.755692,0.001069,0.000543,0.008813,0.017754,0.155118,0.009751
image_00346.jpg,0.561062,0.012858,0.000078,0.000016,0.421729,0.000068,0.000003,0.004187
image_00347.jpg,0.713386,0.004947,0.017998,0.001077,0.001911,0.067815,0.004947,0.187919
image_00348.jpg,0.024548,0.000993,0.002027,0.000790,0.048198,0.561881,0.354552,0.007010
image_00349.jpg,0.307957,0.011322,0.001577,0.002004,0.002079,0.045974,0.066788,0.562298
image_00350.jpg,0.079369,0.064137,0.014829,0.000567,0.000135,0.823591,0.014381,0.002991
image_00351.jpg,0.098549,0.000514,0.000441,0.000098,0.000572,0.103250,0.792863,0.003712
image_00352.jpg,0.040423,0.003207,0.008752,0.000555,0.004515,0.133200,0.479435,0.329912
image_00353.jpg,0.576287,0.000269,0.091762,0.000943,0.003957,0.309251,0.002269,0.015262
image_00354.jpg,0.000023,0.000266,0.000022,0.000322,0.000007,0.010070,0.989240,0.000049
image_00355.jpg,0.419288,0.000664,0.000853,0.445916,0.008338,0.043356,0.019205,0.062380
image_00356.jpg,0.045047,0.003037,0.007949,0.001218,0.267809,0.351081,0.307671,0.016187
image_00357.jpg,0.192038,0.000814,0.078768,0.003304,0.355736,0.022919,0.338949,0.007471
image_00358.jpg,0.694704,0.002004,0.000266,0.000068,0.295855,0.000126,0.002707,0.004271
image_00359.jpg,0.522089,0.000892,0.000170,0.000121,0.412236,0.000029,0.000007,0.064456
image_00360.jpg,0.019970,0.006125,0.000701,0.000121,0.000335,0.596495,0.373635,0.002620
image_00361.jpg,0.104244,0.102208,0.001625,0.006529,0.002181,0.045295,0.143493,0.594425
image_00362.jpg,0.073515,0.076696,0.003049,0.001209,0.087847,0.635557,0.114417,0.007709
image_00363.jpg,0.155302,0.215022,0.000083,0.000020,0.234738,0.000188,0.000026,0.394621
image_00364.jpg,0.187922,0.000140,0.000024,0.000005,0.808977,0.000047,0.000002,0.002883
image_00365.jpg,0.573248,0.059141,0.003091,0.000332,0.183747,0.003461,0.000366,0.176614
image_00366.jpg,0.156989,0.014859,0.004156,0.003931,0.054394,0.240910,0.459872,0.064889
image_00367.jpg,0.620574,0.009165,0.001226,0.017441,0.026652,0.009863,0.150815,0.164263
image_00368.jpg,0.037093,0.118228,0.002888,0.000849,0.544139,0.001658,0.027048,0.268098
image_00369.jpg,0.263630,0.220774,0.013934,0.013986,0.054948,0.124938,0.196822,0.110968
image_00370.jpg,0.221153,0.060236,0.017699,0.000500,0.261587,0.277360,0.003182,0.158283
image_00371.jpg,0.186067,0.049556,0.001944,0.134616,0.001933,0.022242,0.558308,0.045332
image_00372.jpg,0.606290,0.000980,0.032797,0.001435,0.006990,0.096283,0.000554,0.254671
image_00373.jpg,0.029387,0.018960,0.015905,0.048290,0.005673,0.048943,0.349223,0.483620
image_00374.jpg,0.019114,0.100993,0.000137,0.000478,0.000008,0.689482,0.129767,0.060020
image_00375.jpg,0.101726,0.025063,0.004863,0.001841,0.545611,0.158221,0.040249,0.122427
image_00376.jpg,0.109836,0.007381,0.001161,0.006725,0.000261,0.565244,0.268822,0.040570
image_00377.jpg,0.745007,0.081888,0.002301,0.001046,0.002016,0.096684,0.002301,0.068757
image_00378.jpg,0.082504,0.002971,0.002275,0.337529,0.001859,0.021869,0.094119,0.456874
image_00379.jpg,0.017639,0.002120,0.006111,0.001451,0.095545,0.289278,0.582652,0.005204
image_00380.jpg,0.785149,0.024813,0.000059,0.000405,0.034201,0.000034,0.000029,0.155309
image_00381.jpg,0.028386,0.014598,0.349773,0.001347,0.025551,0.333716,0.019450,0.227179
image_00382.jpg,0.718916,0.014038,0.002630,0.001017,0.203587,0.043759,0.008591,0.007461
image_00383.jpg,0.472778,0.196599,0.055346,0.005551,0.135997,0.026641,0.023601,0.083487
image_00384.jpg,0.597217,0.008115,0.002107,0.001221,0.001286,0.008581,0.062763,0.318710
image_00385.jpg,0.374285,0.163733,0.010998,0.004351,0.082103,0.004314,0.241734,0.118481
image_00386.jpg,0.251490,0.021487,0.003712,0.019366,0.182408,0.024159,0.374606,0.122772
image_00387.jpg,0.141363,0.007912,0.000916,0.000906,0.001260,0.774299,0.011497,0.061847
image_00388.jpg,0.527623,0.013703,0.000953,0.000284,0.076807,0.000581,0.000005,0.380044
image_00389.jpg,0.017913,0.001276,0.001384,0.336012,0.002621,0.021908,0.351505,0.267382
image_00390.jpg,0.004842,0.000084,0.000061,0.000032,0.000092,0.136590,0.858136,0.000162
image_00391.jpg,0.561738,0.004566,0.005215,0.003310,0.030362,0.087491,0.262326,0.044992
image_00392.jpg,0.626644,0.001755,0.040292,0.000834,0.003305,0.318188,0.000259,0.008722
image_00393.jpg,0.000789,0.000071,0.000200,0.102791,0.000222,0.070032,0.825736,0.000159
image_00394.jpg,0.918244,0.000579,0.002248,0.002251,0.006489,0.046854,0.004353,0.018982
image_00395.jpg,0.008839,0.000732,0.000105,0.000229,0.000066,0.018283,0.935706,0.036040
image_00396.jpg,0.263364,0.037550,0.005497,0.000455,0.136487,0.157586,0.015018,0.384042
image_00397.jpg,0.185617,0.009276,0.016723,0.001559,0.060955,0.107541,0.514628,0.103700
image_00398.jpg,0.083221,0.007157,0.043149,0.536962,0.013427,0.053568,0.146550,0.115965
image_00399.jpg,0.495314,0.007179,0.003287,0.018796,0.002208,0.216770,0.203119,0.053325
image_00400.jpg,0.512786,0.001826,0.003268,0.000185,0.006502,0.308050,0.039359,0.128025
image_00401.jpg,0.111012,0.002210,0.001128,0.001452,0.227769,0.000657,0.000113,0.655658
image_00402.jpg,0.312673,0.052445,0.009814,0.015237,0.023427,0.042434,0.128582,0.415388
image_00403.jpg,0.068133,0.000010,0.000083,0.000022,0.926571,0.000943,0.000007,0.004232
image_00404.jpg,0.154989,0.017424,0.022227,0.236812,0.005445,0.214253,0.298207,0.050644
image_00405.jpg,0.017609,0.019210,0.002157,0.033138,0.003576,0.004439,0.043804,0.876068
image_00406.jpg,0.640614,0.011991,0.001946,0.013372,0.031176,0.000768,0.002339,0.297795
image_00407.jpg,0.257246,0.066512,0.002464,0.000847,0.205549,0.009419,0.031739,0.426224
image_00408.jpg,0.102258,0.024254,0.009913,0.000665,0.474602,0.027503,0.005141,0.355663
image_00409.jpg,0.119471,0.000116,0.008716,0.002262,0.007763,0.149754,0.711747,0.000172
image_00410.jpg,0.436876,0.008156,0.003611,0.000308,0.535541,0.007086,0.001375,0.007047
image_00411.jpg,0.379751,0.000908,0.011025,0.001042,0.050469,0.087737,0.467491,0.001577
image_00412.jpg,0.060893,0.013470,0.014534,0.465664,0.009071,0.183758,0.146861,0.105748
image_00413.jpg,0.457824,0.024200,0.004274,0.001552,0.004768,0.481350,0.016539,0.009492
image_00414.jpg,0.076407,0.012426,0.001896,0.114031,0.002293,0.028012,0.340779,0.424157
image_00415.jpg,0.308314,0.146341,0.001647,0.000092,0.321640,0.002371,0.000017,0.219578
image_00416.jpg,0.172134,0.022357,0.013962,0.125055,0.184113,0.110045,0.352147,0.020188
image_00417.jpg,0.822919,0.001978,0.013673,0.073226,0.004337,0.006286,0.047510,0.030071
image_00418.jpg,0.031642,0.000155,0.158205,0.000278,0.028345,0.750257,0.003191,0.027927
image_00419.jpg,0.192520,0.021283,0.003111,0.001599,0.134765,0.248813,0.392222,0.005686
image_00420.jpg,0.442362,0.088200,0.002713,0.081493,0.003052,0.042259,0.116113,0.223809
image_00421.jpg,0.087393,0.038389,0.003528,0.018098,0.013922,0.063454,0.376786,0.398428
image_00422.jpg,0.768506,0.000611,0.011387,0.001048,0.005056,0.211839,0.000207,0.001344
image_00423.jpg,0.661089,0.006042,0.015696,0.001323,0.036626,0.059586,0.000530,0.219106
image_00424.jpg,0.594249,0.000292,0.195821,0.000767,0.021873,0.004880,0.000082,0.182036
image_00425.jpg,0.643303,0.060506,0.004061,0.000135,0.043311,0.037327,0.002864,0.208492
image_00426.jpg,0.982229,0.000027,0.001552,0.000114,0.000629,0.002471,0.009844,0.003135
image_00427.jpg,0.079792,0.008825,0.003862,0.003008,0.005724,0.129595,0.716856,0.052338
image_00428.jpg,0.556963,0.242291,0.000166,0.000037,0.188227,0.000148,0.000169,0.011999
image_00429.jpg,0.690081,0.000406,0.003936,0.000652,0.148609,0.122331,0.002912,0.031074
image_00430.jpg,0.760981,0.000100,0.001831,0.000333,0.004844,0.226098,0.005387,0.000426
image_00431.jpg,0.032156,0.012382,0.000067,0.000040,0.003938,0.002687,0.000426,0.948304
image_00432.jpg,0.001019,0.004583,0.000232,0.000982,0.000080,0.068796,0.923666,0.000642
image_00433.jpg,0.127828,0.053206,0.011026,0.029141,0.002529,0.134150,0.165034,0.477087
image_00434.jpg,0.949740,0.000170,0.005388,0.000876,0.006820,0.030025,0.001536,0.005445
image_00435.jpg,0.001344,0.197085,0.000437,0.000688,0.001411,0.016296,0.780457,0.002283
image_00436.jpg,0.009833,0.051938,0.000304,0.087165,0.000701,0.183942,0.592425,0.073692
image_00437.jpg,0.064731,0.025409,0.046227,0.095337,0.011143,0.156767,0.471083,0.129302
image_00438.jpg,0.074486,0.048460,0.008136,0.006383,0.099038,0.194402,0.032196,0.536900
image_00439.jpg,0.311027,0.006231,0.004849,0.001744,0.166386,0.373658,0.095354,0.040750
image_00440.jpg,0.051424,0.070880,0.001562,0.000409,0.445032,0.004347,0.017896,0.408450
image_00441.jpg,0.479160,0.103329,0.066147,0.005670,0.200473,0.031783,0.023258,0.090180
image_00442.jpg,0.103997,0.000280,0.000631,0.483263,0.157460,0.008168,0.245343,0.000858
image_00443.jpg,0.507508,0.022341,0.000353,0.000040,0.465649,0.001290,0.000087,0.002733
image_00444.jpg,0.028991,0.024541,0.001013,0.001258,0.001811,0.035367,0.731939,0.175081
image_00445.jpg,0.375425,0.000022,0.000081,0.000018,0.619573,0.000120,0.000012,0.004749
image_00446.jpg,0.124550,0.195304,0.008946,0.009714,0.014476,0.461587,0.054876,0.130548
image_00447.jpg,0.080393,0.059652,0.005600,0.006132,0.148333,0.082009,0.564856,0.053025
image_00448.jpg,0.178681,0.053103,0.001711,0.001303,0.096249,0.287085,0.035630,0.346238
