image,ALB,BET,DOL,LAG,NoF,OTHER,SHARK,YFT
img_00005.jpg,0.150996,0.017110,0.037679,0.012738,0.740560,0.011298,0.015305,0.014313
img_00007.jpg,0.185261,0.204391,0.043555,0.076449,0.052874,0.105653,0.017046,0.314771
img_00009.jpg,0.853668,0.065134,0.013482,0.019466,0.009742,0.010942,0.017165,0.010399
img_00018.jpg,0.551695,0.151504,0.033841,0.019951,0.042176,0.033261,0.013706,0.153865
img_00027.jpg,0.524134,0.032419,0.030167,0.013731,0.097012,0.022553,0.015798,0.264187
img_00030.jpg,0.847090,0.011873,0.016105,0.011207,0.046394,0.017693,0.021229,0.028411
img_00040.jpg,0.056041,0.019187,0.015953,0.018942,0.030408,0.220446,0.599045,0.039979
img_00046.jpg,0.885686,0.016171,0.014938,0.014725,0.034283,0.007209,0.018344,0.008644
img_00053.jpg,0.843863,0.035450,0.017049,0.019821,0.032544,0.010513,0.016977,0.023782
img_00071.jpg,0.083390,0.035629,0.010220,0.691300,0.028740,0.105045,0.011009,0.034667
img_00075.jpg,0.716963,0.038750,0.021642,0.016816,0.015859,0.154496,0.022081,0.013393
img_00102.jpg,0.209026,0.194756,0.022881,0.028966,0.036239,0.066284,0.184171,0.257677
img_00103.jpg,0.857047,0.036710,0.014552,0.009507,0.024956,0.026844,0.009298,0.021086
img_00109.jpg,0.857233,0.035966,0.027323,0.013476,0.018681,0.010053,0.022151,0.015118
img_00119.jpg,0.145728,0.063437,0.064795,0.037440,0.158480,0.048993,0.043705,0.437421
img_00120.jpg,0.596719,0.038386,0.020501,0.014689,0.042254,0.020712,0.045072,0.221667
img_00125.jpg,0.583682,0.082236,0.021302,0.080649,0.019093,0.122976,0.017965,0.072098
img_00128.jpg,0.002498,0.171974,0.406074,0.014667,0.014097,0.021627,0.014620,0.354443
img_00129.jpg,0.035266,0.023340,0.014891,0.018983,0.028196,0.263148,0.546300,0.069876
img_00133.jpg,0.322993,0.022218,0.021885,0.025450,0.500437,0.013887,0.018758,0.074373
img_00138.jpg,0.728402,0.019531,0.039035,0.013837,0.120385,0.026614,0.012459,0.039738
img_00141.jpg,0.000584,0.039651,0.029329,0.009383,0.010977,0.006030,0.008556,0.895488
img_00152.jpg,0.014950,0.013601,0.007700,0.008161,0.012137,0.023424,0.034847,0.885179
img_00161.jpg,0.113146,0.026204,0.037069,0.016348,0.086584,0.061988,0.029623,0.629038
img_00164.jpg,0.070100,0.031310,0.067006,0.017283,0.514179,0.038779,0.024674,0.236669
img_00170.jpg,0.614019,0.007905,0.012117,0.037825,0.017775,0.263825,0.014274,0.032259
img_00171.jpg,0.271968,0.016361,0.014198,0.020496,0.015331,0.637281,0.011661,0.012704
img_00172.jpg,0.008139,0.010154,0.015564,0.007215,0.934162,0.006318,0.006587,0.011861
img_00175.jpg,0.550654,0.022442,0.013786,0.014297,0.012120,0.350420,0.022210,0.014071
img_00180.jpg,0.019393,0.010861,0.082186,0.018228,0.100122,0.016760,0.290011,0.462440
img_00196.jpg,0.094609,0.107647,0.047949,0.031134,0.490254,0.025163,0.033902,0.169342
img_00212.jpg,0.159885,0.063304,0.018242,0.026853,0.069897,0.018079,0.029623,0.614117
img_00223.jpg,0.571952,0.035941,0.099168,0.016613,0.030850,0.120888,0.027975,0.096612
img_00230.jpg,0.683124,0.024534,0.014483,0.013031,0.033000,0.025576,0.015803,0.190450
img_00232.jpg,0.000516,0.004278,0.001642,0.013013,0.001739,0.002803,0.971929,0.004081
img_00244.jpg,0.239925,0.038976,0.029307,0.041024,0.023049,0.068877,0.023335,0.535508
img_00272.jpg,0.173363,0.312429,0.369301,0.021231,0.013167,0.058017,0.019151,0.033342
img_00280.jpg,0.694118,0.035132,0.024393,0.009053,0.148676,0.016480,0.018203,0.053944
img_00282.jpg,0.140559,0.007467,0.008000,0.037345,0.009353,0.776455,0.012861,0.007960
img_00285.jpg,0.394904,0.219971,0.022906,0.021845,0.119442,0.079015,0.045890,0.096027
img_00289.jpg,0.583238,0.064506,0.023922,0.009641,0.234278,0.030199,0.024567,0.029650
img_00292.jpg,0.013669,0.164707,0.019968,0.022362,0.154815,0.099090,0.056806,0.468583
img_00302.jpg,0.020138,0.023794,0.015719,0.027888,0.047044,0.540144,0.267431,0.057841
img_00311.jpg,0.838036,0.028204,0.016974,0.028238,0.056389,0.009559,0.016180,0.006419
img_00320.jpg,0.842394,0.017175,0.024452,0.011621,0.044666,0.013285,0.019691,0.026717
img_00331.jpg,0.525185,0.065884,0.018503,0.021418,0.098252,0.031787,0.037685,0.201285
img_00358.jpg,0.011746,0.048154,0.008055,0.018265,0.046961,0.644851,0.030161,0.191806
img_00374.jpg,0.409390,0.014271,0.018293,0.037491,0.021368,0.050184,0.020649,0.428354
img_00375.jpg,0.007171,0.185218,0.078113,0.024055,0.046177,0.069180,0.010942,0.579145
img_00376.jpg,0.636963,0.013797,0.018816,0.014431,0.095954,0.028496,0.025930,0.165612
img_00380.jpg,0.806226,0.043766,0.025856,0.031940,0.034619,0.018036,0.017125,0.022432
img_00383.jpg,0.863573,0.039035,0.014129,0.011117,0.024028,0.018471,0.014799,0.014848
img_00398.jpg,0.234157,0.010432,0.026499,0.024142,0.164393,0.023894,0.051910,0.464573
img_00407.jpg,0.788249,0.032293,0.015222,0.031720,0.030683,0.062540,0.014529,0.024765
img_00417.jpg,0.016235,0.034687,0.008165,0.022383,0.055812,0.010195,0.015455,0.837068
img_00432.jpg,0.188524,0.009759,0.020315,0.013294,0.698866,0.028804,0.020483,0.019955
img_00442.jpg,0.004700,0.009505,0.219963,0.007048,0.006808,0.010615,0.005959,0.735402
img_00446.jpg,0.659259,0.016804,0.017717,0.027527,0.015975,0.043105,0.021083,0.198530
img_00469.jpg,0.601697,0.013689,0.018506,0.030746,0.047607,0.063867,0.044502,0.179385
img_00473.jpg,0.371958,0.065282,0.082061,0.014328,0.229358,0.016870,0.033430,0.186713
img_00483.jpg,0.785850,0.018253,0.015416,0.012554,0.043828,0.018294,0.019506,0.086299
img_00484.jpg,0.027280,0.384061,0.015861,0.116571,0.035822,0.016832,0.016885,0.386688
img_00486.jpg,0.566809,0.059183,0.105759,0.078477,0.051224,0.059695,0.030812,0.048041
img_00487.jpg,0.002057,0.004113,0.035818,0.007787,0.935424,0.004380,0.005146,0.005275
img_00493.jpg,0.138186,0.070000,0.023555,0.030509,0.569368,0.048160,0.033041,0.087180
img_00518.jpg,0.802699,0.025428,0.017097,0.012639,0.072482,0.015603,0.030221,0.023831
img_00533.jpg,0.054525,0.042987,0.014204,0.023774,0.029528,0.119815,0.559926,0.155241
img_00538.jpg,0.442331,0.064296,0.024505,0.022439,0.028546,0.025364,0.025250,0.367269
img_00543.jpg,0.831976,0.026056,0.023244,0.017836,0.052241,0.013469,0.026049,0.009131
img_00550.jpg,0.064622,0.010031,0.017151,0.011311,0.828428,0.028582,0.012962,0.026912
img_00551.jpg,0.510733,0.011210,0.011932,0.015507,0.011504,0.411732,0.015655,0.011728
img_00564.jpg,0.003829,0.004001,0.008303,0.005409,0.934367,0.032552,0.007547,0.003993
img_00575.jpg,0.484053,0.052164,0.028563,0.020353,0.181065,0.029296,0.025444,0.179062
img_00582.jpg,0.081140,0.059970,0.018533,0.026443,0.078748,0.492799,0.110138,0.132230
img_00584.jpg,0.852443,0.015681,0.014447,0.015565,0.038005,0.008871,0.042623,0.012364
img_00587.jpg,0.041309,0.020103,0.025286,0.012339,0.032719,0.025243,0.025474,0.817527
img_00590.jpg,0.154398,0.033767,0.028567,0.017665,0.033878,0.012206,0.038031,0.681488
img_00591.jpg,0.072085,0.020744,0.016599,0.018501,0.026790,0.013066,0.037284,0.794932
img_00598.jpg,0.635664,0.059470,0.021216,0.020619,0.022764,0.037899,0.011202,0.191165
img_00599.jpg,0.583413,0.023577,0.030540,0.024462,0.031624,0.023504,0.159980,0.122899
img_00612.jpg,0.591816,0.023870,0.014760,0.015493,0.017525,0.291579,0.031890,0.013066
img_00618.jpg,0.632407,0.032400,0.031426,0.014181,0.160416,0.068624,0.029432,0.031114
img_00620.jpg,0.788686,0.030436,0.034093,0.021848,0.011551,0.027428,0.018182,0.067776
img_00642.jpg,0.050495,0.010146,0.012396,0.772786,0.055963,0.034638,0.010549,0.053026
img_00646.jpg,0.003477,0.102073,0.275944,0.013601,0.008273,0.140718,0.016856,0.439059
img_00648.jpg,0.846404,0.023923,0.024528,0.015420,0.042100,0.013077,0.026142,0.008404
img_00650.jpg,0.742593,0.032437,0.016767,0.018329,0.088031,0.043350,0.041354,0.017139
img_00654.jpg,0.459876,0.039954,0.072984,0.017031,0.094794,0.078163,0.008790,0.228410
img_00664.jpg,0.831759,0.014708,0.025111,0.014533,0.049837,0.008951,0.038932,0.016169
img_00667.jpg,0.271606,0.055855,0.040425,0.053901,0.220615,0.023425,0.057726,0.276447
img_00676.jpg,0.052105,0.029699,0.081847,0.050555,0.144478,0.024590,0.024848,0.591880
img_00697.jpg,0.000510,0.014360,0.114014,0.011254,0.015444,0.011115,0.015120,0.818183
img_00708.jpg,0.190009,0.086335,0.030909,0.018402,0.057193,0.101216,0.050827,0.465110
img_00716.jpg,0.028505,0.683545,0.016024,0.018729,0.025604,0.031255,0.044977,0.151362
img_00717.jpg,0.168609,0.634569,0.019809,0.033170,0.012855,0.049392,0.010336,0.071260
img_00718.jpg,0.658157,0.012146,0.017346,0.033831,0.030392,0.199424,0.016683,0.032020
img_00723.jpg,0.436238,0.090102,0.028752,0.020444,0.343666,0.033944,0.024059,0.022794
img_00724.jpg,0.089661,0.016613,0.028208,0.100528,0.159159,0.032720,0.160149,0.412962
img_00726.jpg,0.840614,0.015369,0.016743,0.016148,0.050670,0.020284,0.023653,0.016519
img_00729.jpg,0.777168,0.017121,0.015200,0.015145,0.117740,0.020545,0.018764,0.018316
img_00730.jpg,0.302386,0.048253,0.024147,0.015456,0.030188,0.013932,0.024659,0.540978
img_00757.jpg,0.706868,0.028186,0.015681,0.027923,0.037647,0.064776,0.015443,0.103476
img_00760.jpg,0.077805,0.052363,0.010795,0.728398,0.009494,0.022143,0.015077,0.083924
img_00763.jpg,0.147202,0.009225,0.014407,0.013237,0.765637,0.010168,0.019162,0.020962
img_00764.jpg,0.013281,0.116606,0.187594,0.019168,0.270757,0.056243,0.024912,0.311439
img_00765.jpg,0.004228,0.085843,0.003543,0.007162,0.022871,0.866673,0.004220,0.005460
img_00772.jpg,0.002095,0.040803,0.125378,0.016510,0.007418,0.027278,0.013196,0.767323
img_00773.jpg,0.712885,0.048224,0.109521,0.015864,0.022870,0.042075,0.018639,0.029922
img_00777.jpg,0.646605,0.025743,0.020515,0.014722,0.113712,0.067374,0.023363,0.087966
img_00780.jpg,0.054419,0.025767,0.063643,0.011374,0.018303,0.197948,0.016991,0.611555
img_00798.jpg,0.543603,0.026024,0.020412,0.033829,0.034335,0.209521,0.077204,0.055072
img_00808.jpg,0.211622,0.163475,0.021124,0.023601,0.025361,0.062933,0.022447,0.469438
img_00816.jpg,0.847362,0.024977,0.021640,0.013077,0.037271,0.027483,0.015819,0.012372
img_00828.jpg,0.005009,0.004151,0.005848,0.007569,0.949131,0.016586,0.007711,0.003995
img_00833.jpg,0.167218,0.037450,0.019643,0.012446,0.040124,0.073511,0.031264,0.618343
img_00837.jpg,0.857054,0.037726,0.012805,0.017466,0.016004,0.025133,0.014921,0.018890
img_00855.jpg,0.683602,0.020776,0.021754,0.014902,0.058815,0.025384,0.022425,0.152344
img_00857.jpg,0.849068,0.024375,0.021716,0.015616,0.026430,0.013014,0.019123,0.030657
img_00858.jpg,0.789810,0.011082,0.014180,0.019546,0.061929,0.034064,0.025012,0.044377
img_00865.jpg,0.079717,0.656831,0.011417,0.020083,0.039488,0.111222,0.013883,0.067359
img_00876.jpg,0.104884,0.059626,0.024263,0.095434,0.299763,0.030556,0.039806,0.345667
img_00889.jpg,0.021449,0.044841,0.297710,0.011924,0.028422,0.098832,0.017631,0.479190
img_00894.jpg,0.797896,0.029572,0.030020,0.010734,0.072960,0.012154,0.018455,0.028210
img_00902.jpg,0.001091,0.003034,0.001054,0.004658,0.001013,0.002018,0.985181,0.001952
img_00914.jpg,0.025906,0.006861,0.065710,0.008949,0.047602,0.010267,0.016190,0.818514
img_00921.jpg,0.774507,0.014524,0.018027,0.023121,0.030970,0.098111,0.025540,0.015200
img_00927.jpg,0.407138,0.043603,0.022677,0.022772,0.026623,0.017795,0.027895,0.431498
img_00943.jpg,0.811016,0.020478,0.018765,0.014951,0.025944,0.018489,0.024055,0.066302
img_00948.jpg,0.364810,0.039924,0.034884,0.013547,0.146371,0.024782,0.015238,0.360445
img_00950.jpg,0.220457,0.026931,0.034696,0.017460,0.598610,0.030837,0.021014,0.049996
img_00959.jpg,0.786929,0.032855,0.022062,0.024120,0.060841,0.011162,0.055994,0.006037
img_00962.jpg,0.000166,0.019784,0.054298,0.010592,0.002184,0.012870,0.029612,0.870494
img_00964.jpg,0.027620,0.030322,0.393275,0.014946,0.018889,0.020758,0.026310,0.467880
img_00966.jpg,0.803028,0.023420,0.015429,0.017418,0.044609,0.020485,0.053941,0.021670
img_00974.jpg,0.643595,0.045892,0.026649,0.018641,0.072140,0.110504,0.010411,0.072168
img_00979.jpg,0.344253,0.043218,0.220814,0.023663,0.044104,0.228737,0.024297,0.070914
img_00982.jpg,0.135260,0.117945,0.033814,0.028586,0.042624,0.047126,0.110729,0.483916
img_00985.jpg,0.028706,0.109211,0.018765,0.022932,0.079551,0.064011,0.182984,0.493840
img_00999.jpg,0.634758,0.040713,0.030714,0.032268,0.011235,0.027143,0.060192,0.162978
img_01022.jpg,0.304383,0.017779,0.019029,0.030495,0.034605,0.049986,0.089880,0.453844
img_01031.jpg,0.636107,0.031506,0.080341,0.036873,0.014449,0.158327,0.022119,0.020278
img_01035.jpg,0.398980,0.026380,0.039174,0.020920,0.184017,0.089730,0.053103,0.187695
img_01043.jpg,0.443318,0.042696,0.019892,0.029218,0.180743,0.023401,0.106902,0.153830
img_01058.jpg,0.036076,0.082205,0.027511,0.010699,0.018670,0.012622,0.018036,0.794181
img_01059.jpg,0.630921,0.068282,0.013424,0.031393,0.016662,0.142306,0.076120,0.020891
img_01090.jpg,0.422624,0.029181,0.025561,0.015182,0.403856,0.024740,0.012921,0.065935
img_01102.jpg,0.415537,0.071260,0.039725,0.013507,0.080283,0.046779,0.012173,0.320737
img_01103.jpg,0.030359,0.429257,0.053224,0.032007,0.012927,0.015668,0.023534,0.403023
img_01116.jpg,0.848999,0.010560,0.020595,0.021222,0.022850,0.022726,0.028776,0.024272
img_01134.jpg,0.602033,0.015537,0.016399,0.044692,0.026907,0.231958,0.030928,0.031545
img_01142.jpg,0.642437,0.012825,0.016083,0.109692,0.064013,0.018628,0.013031,0.123290
img_01168.jpg,0.024070,0.324496,0.015832,0.024262,0.049176,0.497645,0.017931,0.046587
img_01171.jpg,0.005239,0.004062,0.006723,0.007595,0.956119,0.004180,0.010962,0.005120
img_01177.jpg,0.707705,0.011053,0.012448,0.025787,0.043584,0.014934,0.014491,0.169997
img_01179.jpg,0.698647,0.016981,0.010163,0.125274,0.016139,0.055075,0.053528,0.024192
img_01188.jpg,0.002488,0.103150,0.006790,0.015759,0.040222,0.794193,0.014163,0.023234
img_01198.jpg,0.485599,0.019357,0.023073,0.011695,0.359872,0.024261,0.011698,0.064445
img_01204.jpg,0.319117,0.075836,0.031662,0.062357,0.137366,0.025244,0.081790,0.266627
img_01208.jpg,0.270491,0.020016,0.026864,0.020970,0.541177,0.040703,0.014999,0.064781
img_01211.jpg,0.855986,0.023949,0.015144,0.009165,0.035931,0.017141,0.015259,0.027425
img_01213.jpg,0.832878,0.012207,0.013820,0.015088,0.043716,0.019194,0.024515,0.038583
img_01222.jpg,0.586049,0.024780,0.052805,0.051225,0.024413,0.072582,0.010770,0.177375
img_01224.jpg,0.323058,0.049915,0.317661,0.022451,0.045394,0.112279,0.022423,0.106820
img_01237.jpg,0.100802,0.007448,0.012640,0.009416,0.819788,0.007009,0.010666,0.032231
img_01249.jpg,0.341373,0.020703,0.015408,0.058387,0.434256,0.028634,0.011409,0.089831
img_01253.jpg,0.003548,0.009003,0.038708,0.012633,0.010613,0.014019,0.050587,0.860888
img_01286.jpg,0.469148,0.029515,0.018536,0.026203,0.103575,0.110707,0.140213,0.102103
img_01289.jpg,0.433495,0.186598,0.021618,0.032018,0.129016,0.038982,0.111798,0.046476
img_01325.jpg,0.365532,0.081583,0.086769,0.018192,0.376018,0.013899,0.017813,0.040194
img_01328.jpg,0.701432,0.022010,0.017171,0.015018,0.072590,0.054895,0.023483,0.093400
img_01366.jpg,0.209838,0.009455,0.008160,0.021929,0.006361,0.676849,0.059742,0.007666
img_01371.jpg,0.554753,0.022731,0.119377,0.020001,0.202765,0.009095,0.028099,0.043180
img_01373.jpg,0.326621,0.115499,0.036112,0.023312,0.078228,0.149856,0.063374,0.206998
img_01377.jpg,0.681652,0.070660,0.021541,0.015949,0.048100,0.030112,0.010665,0.121322
img_01379.jpg,0.556523,0.041367,0.020673,0.031628,0.131202,0.116650,0.057860,0.044097
img_01384.jpg,0.171525,0.013655,0.049930,0.016010,0.578844,0.066599,0.021699,0.081738
img_01388.jpg,0.833054,0.019932,0.013947,0.015121,0.013319,0.042425,0.022702,0.039499
img_01392.jpg,0.003348,0.111992,0.066806,0.012413,0.042276,0.031909,0.028654,0.702603
img_01399.jpg,0.000684,0.298203,0.059246,0.015721,0.078664,0.024331,0.029009,0.494142
img_01404.jpg,0.693089,0.017708,0.021645,0.024750,0.041600,0.059345,0.059707,0.082158
img_01405.jpg,0.801466,0.016706,0.015547,0.026024,0.044743,0.046716,0.021693,0.027106
img_01413.jpg,0.687208,0.024025,0.015365,0.020112,0.101036,0.097518,0.031772,0.022963
img_01426.jpg,0.281641,0.538606,0.025174,0.021276,0.012222,0.012093,0.075097,0.033890
img_01431.jpg,0.033453,0.072986,0.010096,0.754711,0.009155,0.024162,0.014804,0.080634
img_01441.jpg,0.012055,0.009499,0.016560,0.010593,0.019595,0.018940,0.046085,0.866672
img_01444.jpg,0.632330,0.032252,0.018802,0.015298,0.030699,0.219948,0.024112,0.026557
img_01490.jpg,0.009342,0.050058,0.290185,0.017364,0.019509,0.038162,0.030437,0.544943
img_01495.jpg,0.270968,0.072546,0.019055,0.028118,0.026708,0.041032,0.030056,0.511517
img_01505.jpg,0.049473,0.073393,0.017456,0.033522,0.640345,0.022963,0.043979,0.118868
img_01511.jpg,0.834778,0.031371,0.017831,0.014652,0.026817,0.037377,0.021455,0.015720
img_01519.jpg,0.164175,0.044409,0.022330,0.027673,0.051277,0.331652,0.151495,0.206989
img_01530.jpg,0.741872,0.047316,0.020775,0.017156,0.079792,0.012511,0.011019,0.069559
img_01537.jpg,0.541682,0.032398,0.033729,0.020139,0.090759,0.149673,0.017033,0.114587
img_01538.jpg,0.123726,0.009694,0.009740,0.026173,0.012126,0.710748,0.043060,0.064733
img_01541.jpg,0.013329,0.011503,0.016406,0.014109,0.894204,0.019018,0.013797,0.017634
img_01543.jpg,0.803560,0.039074,0.038187,0.017388,0.036870,0.013497,0.035184,0.016239
img_01548.jpg,0.844446,0.019208,0.020334,0.011203,0.043252,0.018322,0.009604,0.033631
img_01552.jpg,0.808494,0.017645,0.026830,0.015556,0.034246,0.014601,0.017500,0.065128
img_01561.jpg,0.040386,0.017070,0.041019,0.014535,0.816448,0.028407,0.012510,0.029624
img_01562.jpg,0.455875,0.088738,0.028313,0.033433,0.049323,0.025370,0.098072,0.220876
img_01571.jpg,0.839043,0.024168,0.017557,0.016680,0.016809,0.019362,0.035593,0.030788
img_01593.jpg,0.223341,0.030088,0.015353,0.018994,0.015752,0.563294,0.039650,0.093529
img_01595.jpg,0.065165,0.043047,0.021506,0.025932,0.561555,0.017520,0.076350,0.188925
img_01616.jpg,0.222446,0.019548,0.023351,0.028989,0.030336,0.028064,0.485276,0.161989
img_01618.jpg,0.784369,0.011040,0.019299,0.014191,0.021559,0.033542,0.018365,0.097635
img_01627.jpg,0.770687,0.042281,0.025411,0.021229,0.018130,0.059270,0.018931,0.044062
img_01632.jpg,0.771383,0.041076,0.041155,0.012704,0.065319,0.021009,0.011986,0.035368
img_01633.jpg,0.253010,0.188371,0.017858,0.017397,0.012463,0.400590,0.090645,0.019664
img_01640.jpg,0.828310,0.030169,0.021197,0.014952,0.047403,0.013657,0.034552,0.009760
img_01646.jpg,0.675354,0.026353,0.019743,0.035373,0.020944,0.018698,0.021395,0.182139
img_01647.jpg,0.105929,0.042031,0.076969,0.021596,0.566929,0.019282,0.022467,0.144799
img_01649.jpg,0.628314,0.023641,0.022641,0.024821,0.119187,0.041213,0.016959,0.123224
img_01657.jpg,0.000090,0.054123,0.358975,0.010060,0.001960,0.009767,0.017501,0.547524
img_01669.jpg,0.045199,0.054764,0.012147,0.763464,0.010127,0.028460,0.011422,0.074417
img_01673.jpg,0.797840,0.034426,0.012976,0.013275,0.035059,0.023949,0.051375,0.031100
img_01681.jpg,0.036301,0.021774,0.017252,0.009587,0.026463,0.006153,0.017001,0.865469
img_01684.jpg,0.446327,0.023726,0.024464,0.054031,0.029947,0.037155,0.014640,0.369710
img_01685.jpg,0.179359,0.025864,0.061180,0.023905,0.129625,0.214421,0.066116,0.299530
img_01687.jpg,0.040167,0.045817,0.013708,0.014785,0.023777,0.028997,0.056132,0.776617
img_01688.jpg,0.555330,0.151947,0.022608,0.026293,0.068474,0.050100,0.064763,0.060486
img_01689.jpg,0.003044,0.090050,0.020695,0.011919,0.011055,0.080627,0.018097,0.764513
img_01716.jpg,0.019570,0.020368,0.017466,0.024673,0.813267,0.047838,0.016486,0.040332
img_01717.jpg,0.312118,0.239933,0.051866,0.025654,0.276591,0.042809,0.019360,0.031670
img_01724.jpg,0.695903,0.022634,0.032274,0.016131,0.069761,0.039179,0.016733,0.107386
img_01745.jpg,0.120331,0.224693,0.083339,0.016898,0.033486,0.041729,0.018954,0.460570
img_01771.jpg,0.263338,0.027961,0.017827,0.017821,0.030498,0.060375,0.050729,0.531451
img_01773.jpg,0.660433,0.037926,0.015427,0.023443,0.031916,0.024726,0.059024,0.147104
img_01781.jpg,0.198829,0.013274,0.012804,0.381869,0.283063,0.026070,0.015736,0.068354
img_01782.jpg,0.002415,0.004325,0.002945,0.006605,0.965341,0.002800,0.008159,0.007411
img_01802.jpg,0.646182,0.034412,0.013354,0.013699,0.036469,0.017451,0.209281,0.029153
img_01803.jpg,0.003645,0.025362,0.248716,0.008781,0.022126,0.008194,0.012056,0.671120
img_01824.jpg,0.606432,0.077092,0.019041,0.011891,0.030127,0.131583,0.094482,0.029352
img_01825.jpg,0.037448,0.793994,0.023111,0.008783,0.040958,0.018131,0.010708,0.066866
img_01831.jpg,0.307554,0.013669,0.016459,0.111878,0.014000,0.454078,0.038061,0.044302
img_01834.jpg,0.520286,0.032947,0.084599,0.013418,0.155260,0.102802,0.026122,0.064566
img_01847.jpg,0.025782,0.031217,0.004129,0.011361,0.008722,0.012664,0.872150,0.033974
img_01853.jpg,0.309021,0.038183,0.026687,0.025022,0.030245,0.015070,0.059211,0.496562
img_01856.jpg,0.179131,0.029207,0.093341,0.016884,0.209664,0.024169,0.055934,0.391669
img_01860.jpg,0.711101,0.022055,0.033770,0.021262,0.076707,0.068556,0.053524,0.013025
img_01862.jpg,0.714921,0.014358,0.027449,0.014784,0.154841,0.027222,0.015808,0.030617
img_01874.jpg,0.856555,0.024389,0.008864,0.015111,0.040656,0.018436,0.016053,0.019935
img_01888.jpg,0.001184,0.045815,0.008783,0.016084,0.081771,0.819164,0.007829,0.019372
img_01918.jpg,0.422307,0.039863,0.025615,0.074459,0.015025,0.093981,0.026592,0.302158
img_01930.jpg,0.798705,0.039418,0.053484,0.032203,0.024267,0.022476,0.020055,0.009391
img_01932.jpg,0.640093,0.011023,0.016758,0.023227,0.034291,0.050911,0.044505,0.179192
img_01955.jpg,0.043699,0.007688,0.008050,0.016205,0.023074,0.008233,0.009745,0.883305
img_01963.jpg,0.571459,0.015584,0.037024,0.013918,0.045535,0.021410,0.019042,0.276029
img_01966.jpg,0.814717,0.029883,0.017320,0.018242,0.024224,0.017405,0.019916,0.058293
img_01976.jpg,0.701502,0.026393,0.029079,0.008179,0.061049,0.022353,0.013959,0.137486
img_01983.jpg,0.316434,0.032509,0.041094,0.014314,0.486451,0.034319,0.013284,0.061595
img_01984.jpg,0.037118,0.013482,0.036612,0.034360,0.010085,0.044344,0.024430,0.799569
img_01995.jpg,0.011511,0.191406,0.017679,0.040046,0.140020,0.018025,0.010217,0.571095
img_01996.jpg,0.280352,0.040979,0.015265,0.019930,0.136891,0.445534,0.042843,0.018207
img_02001.jpg,0.853649,0.018502,0.014182,0.016208,0.036298,0.032632,0.011483,0.017045
img_02006.jpg,0.021769,0.048112,0.624012,0.023567,0.017393,0.087296,0.012593,0.165257
img_02066.jpg,0.822878,0.016845,0.013337,0.015651,0.089061,0.015606,0.015423,0.011199
img_02074.jpg,0.880323,0.017382,0.012982,0.018917,0.014710,0.031918,0.010167,0.013602
img_02076.jpg,0.152109,0.254965,0.028537,0.016913,0.301794,0.031943,0.013479,0.200260
img_02077.jpg,0.286914,0.019603,0.022700,0.277530,0.011360,0.298064,0.036125,0.047703
img_02078.jpg,0.041099,0.008656,0.348893,0.019377,0.094549,0.009788,0.020005,0.457632
img_02082.jpg,0.121444,0.006030,0.010654,0.018793,0.092344,0.016579,0.718209,0.015947
img_02083.jpg,0.040136,0.004846,0.026491,0.012744,0.792391,0.011916,0.017200,0.094276
img_02096.jpg,0.882476,0.015677,0.020272,0.014813,0.023884,0.008652,0.026923,0.007304
img_02119.jpg,0.503688,0.096739,0.180357,0.014540,0.021790,0.078771,0.013943,0.090172
img_02124.jpg,0.116535,0.023903,0.013859,0.017516,0.045369,0.716708,0.041683,0.024426
img_02135.jpg,0.013959,0.014425,0.006209,0.011000,0.900945,0.008416,0.008630,0.036416
img_02146.jpg,0.824759,0.014930,0.018077,0.011302,0.069920,0.013038,0.030675,0.017301
img_02159.jpg,0.161068,0.113558,0.035182,0.116697,0.319995,0.055450,0.025818,0.172231
img_02172.jpg,0.806994,0.018129,0.020391,0.011320,0.053327,0.036633,0.009675,0.043532
img_02180.jpg,0.342804,0.105779,0.015379,0.025180,0.053964,0.231296,0.202230,0.023368
img_02188.jpg,0.330785,0.017094,0.022021,0.015209,0.033056,0.027735,0.060203,0.493898
img_02194.jpg,0.864763,0.031095,0.022401,0.007415,0.020992,0.015795,0.023495,0.014045
img_02209.jpg,0.022193,0.026728,0.008068,0.012168,0.020611,0.869729,0.031406,0.009097
img_02216.jpg,0.112242,0.155869,0.032502,0.017217,0.438763,0.018568,0.017491,0.207348
img_02231.jpg,0.248622,0.153166,0.025994,0.021419,0.183628,0.129120,0.038882,0.199168
img_02235.jpg,0.028944,0.102924,0.024319,0.219980,0.079703,0.052832,0.014704,0.476596
img_02252.jpg,0.829034,0.019411,0.026809,0.009980,0.048891,0.016636,0.012909,0.036330
img_02268.jpg,0.618403,0.008499,0.017684,0.021531,0.026706,0.025004,0.029992,0.252181
img_02270.jpg,0.513813,0.049793,0.024925,0.015357,0.046603,0.030684,0.023431,0.295394
img_02281.jpg,0.090068,0.014024,0.016834,0.017128,0.040844,0.030209,0.013919,0.776974
img_02282.jpg,0.001758,0.115218,0.086891,0.021105,0.003415,0.199377,0.027327,0.544909
img_02285.jpg,0.882769,0.016062,0.020403,0.011826,0.028931,0.010795,0.019276,0.009937
img_02291.jpg,0.859255,0.019768,0.038891,0.013079,0.021668,0.011644,0.021970,0.013726
img_02299.jpg,0.190789,0.095823,0.127959,0.035994,0.020856,0.173103,0.023605,0.331871
img_02305.jpg,0.010800,0.443833,0.021114,0.137530,0.047356,0.023196,0.011034,0.305138
img_02307.jpg,0.174248,0.111858,0.018903,0.019916,0.092604,0.048395,0.154510,0.379565
img_02309.jpg,0.821707,0.027758,0.020086,0.026688,0.060647,0.009531,0.025835,0.007748
img_02318.jpg,0.008251,0.024354,0.010883,0.007535,0.012123,0.006066,0.043784,0.887004
img_02347.jpg,0.661933,0.022509,0.017678,0.013889,0.218159,0.028224,0.011924,0.025685
img_02356.jpg,0.001111,0.010359,0.077399,0.034695,0.018773,0.013987,0.275641,0.568034
img_02367.jpg,0.733496,0.010861,0.017631,0.019327,0.083264,0.032560,0.024155,0.078705
img_02372.jpg,0.003832,0.149282,0.025595,0.031027,0.412638,0.014936,0.015673,0.347018
img_02379.jpg,0.445690,0.033419,0.065104,0.020589,0.082351,0.016323,0.028197,0.308328
img_02384.jpg,0.052978,0.059480,0.034500,0.017231,0.044996,0.045504,0.226166,0.519145
img_02398.jpg,0.553599,0.026811,0.017502,0.030290,0.037044,0.252311,0.048936,0.033507
img_02400.jpg,0.618106,0.016735,0.198246,0.012018,0.014565,0.036717,0.013112,0.090501
img_02406.jpg,0.104693,0.012088,0.006807,0.227314,0.006223,0.616833,0.012268,0.013775
img_02412.jpg,0.224130,0.320066,0.022029,0.022281,0.069780,0.022038,0.020066,0.299609
img_02416.jpg,0.206629,0.266735,0.026535,0.049213,0.025161,0.051827,0.049021,0.324880
img_02422.jpg,0.333499,0.132486,0.026629,0.029480,0.037846,0.095466,0.174464,0.170132
img_02479.jpg,0.002559,0.077853,0.361545,0.016583,0.470023,0.009314,0.033056,0.029067
img_02486.jpg,0.531861,0.112897,0.056995,0.020550,0.031521,0.152034,0.017922,0.076221
img_02487.jpg,0.854525,0.025302,0.013522,0.013810,0.024342,0.014750,0.031843,0.021906
img_02507.jpg,0.163578,0.018291,0.228096,0.019059,0.198071,0.222047,0.014727,0.136132
img_02522.jpg,0.700649,0.171517,0.014083,0.023215,0.032933,0.013898,0.015836,0.027870
img_02540.jpg,0.231014,0.012553,0.037766,0.020884,0.465910,0.072187,0.127444,0.032242
img_02546.jpg,0.002074,0.004939,0.005021,0.005940,0.006773,0.005559,0.010757,0.958937
img_02556.jpg,0.082196,0.065418,0.052702,0.035188,0.020023,0.016392,0.059757,0.668322
img_02560.jpg,0.206003,0.134264,0.021227,0.041557,0.341642,0.058220,0.023127,0.173960
img_02563.jpg,0.004893,0.004974,0.011929,0.016124,0.925614,0.013034,0.015270,0.008163
img_02565.jpg,0.700120,0.019058,0.020125,0.019540,0.032977,0.034780,0.034332,0.139068
img_02573.jpg,0.194990,0.260981,0.021631,0.032616,0.034810,0.050277,0.040345,0.364349
img_02574.jpg,0.691586,0.012497,0.016656,0.024523,0.069490,0.045330,0.047161,0.092758
img_02602.jpg,0.857538,0.020033,0.021600,0.016756,0.021579,0.017452,0.014076,0.030965
img_02607.jpg,0.612517,0.156593,0.019277,0.011928,0.093709,0.027947,0.015073,0.062956
img_02622.jpg,0.683238,0.020389,0.029782,0.022313,0.019247,0.039202,0.021664,0.164164
img_02625.jpg,0.049079,0.021885,0.006639,0.007796,0.019651,0.876185,0.008189,0.010575
img_02636.jpg,0.707159,0.018015,0.019923,0.012785,0.178576,0.011832,0.031044,0.020667
img_02638.jpg,0.830495,0.071317,0.011799,0.016594,0.012924,0.016458,0.018093,0.022320
img_02641.jpg,0.754139,0.013416,0.016787,0.043592,0.035264,0.034194,0.013698,0.088912
img_02646.jpg,0.005044,0.012783,0.009578,0.017173,0.018999,0.031185,0.047479,0.857758
img_02648.jpg,0.011593,0.040058,0.501599,0.017199,0.020658,0.067816,0.016034,0.325042
img_02651.jpg,0.864439,0.024194,0.017689,0.011221,0.035547,0.014957,0.015046,0.016908
img_02656.jpg,0.660144,0.047406,0.027315,0.037470,0.034680,0.086755,0.013461,0.092769
img_02666.jpg,0.775355,0.010428,0.013677,0.014836,0.137106,0.018046,0.011417,0.019135
img_02679.jpg,0.277478,0.069733,0.041576,0.009756,0.342700,0.052676,0.013776,0.192303
img_02687.jpg,0.000578,0.014098,0.008032,0.008191,0.007301,0.003469,0.010494,0.947837
img_02699.jpg,0.364736,0.019863,0.030643,0.029248,0.318646,0.031212,0.049201,0.156452
img_02702.jpg,0.796062,0.040655,0.030223,0.012609,0.057786,0.015643,0.024927,0.022096
img_02703.jpg,0.009873,0.010090,0.060270,0.025666,0.264604,0.016139,0.259010,0.354348
img_02709.jpg,0.457550,0.055888,0.023996,0.071418,0.132863,0.067942,0.014328,0.176014
img_02726.jpg,0.258094,0.021205,0.024676,0.012511,0.599349,0.035988,0.012271,0.035906
img_02733.jpg,0.692726,0.019287,0.017374,0.052598,0.031627,0.067117,0.016392,0.102880
img_02734.jpg,0.500831,0.045342,0.018801,0.066063,0.068146,0.121002,0.044887,0.134929
img_02739.jpg,0.821735,0.019758,0.015792,0.021695,0.084280,0.009776,0.018005,0.008959
img_02749.jpg,0.293771,0.015892,0.017106,0.153151,0.012921,0.381845,0.035463,0.089851
img_02759.jpg,0.065567,0.020446,0.245611,0.023150,0.010850,0.057731,0.022961,0.553683
img_02764.jpg,0.796299,0.049503,0.024799,0.008202,0.053750,0.016294,0.035649,0.015504
img_02766.jpg,0.759878,0.069363,0.019762,0.012058,0.070614,0.013140,0.018916,0.036270
img_02769.jpg,0.035229,0.063434,0.446580,0.025654,0.017856,0.071603,0.018869,0.320775
img_02771.jpg,0.707869,0.030399,0.024253,0.053645,0.012773,0.027489,0.020339,0.123233
img_02789.jpg,0.131738,0.010245,0.013920,0.018985,0.209031,0.020417,0.572530,0.023134
img_02799.jpg,0.791278,0.032136,0.015316,0.009889,0.072181,0.029565,0.025125,0.024510
img_02808.jpg,0.868654,0.027254,0.013957,0.021395,0.017600,0.019360,0.014425,0.017354
img_02811.jpg,0.650563,0.016808,0.017676,0.069555,0.019231,0.164348,0.029819,0.032000
img_02830.jpg,0.036786,0.417048,0.015870,0.026891,0.027795,0.093921,0.117060,0.264630
img_02834.jpg,0.166550,0.092797,0.026925,0.022434,0.101181,0.041360,0.124381,0.424372
img_02837.jpg,0.229955,0.354706,0.018103,0.019532,0.036853,0.039400,0.149951,0.151500
img_02838.jpg,0.239101,0.150816,0.041898,0.021100,0.077290,0.045377,0.017848,0.406569
img_02842.jpg,0.010518,0.014703,0.003475,0.005258,0.007591,0.946148,0.009930,0.002376
img_02857.jpg,0.329974,0.044042,0.038753,0.009478,0.503757,0.018475,0.009869,0.045652
img_02865.jpg,0.045094,0.120149,0.017406,0.043720,0.606350,0.024617,0.027472,0.115192
img_02871.jpg,0.162224,0.097400,0.024526,0.022292,0.062970,0.233095,0.113961,0.283532
img_02876.jpg,0.144965,0.017534,0.206365,0.015217,0.159608,0.027532,0.017002,0.411777
img_02889.jpg,0.561620,0.041609,0.015306,0.092623,0.087774,0.120235,0.017891,0.062942
img_02890.jpg,0.159555,0.013268,0.007423,0.024263,0.015120,0.749831,0.023996,0.006545
img_02899.jpg,0.743591,0.015368,0.013341,0.026953,0.028659,0.121493,0.022997,0.027599
img_02904.jpg,0.838871,0.020477,0.013595,0.020142,0.037373,0.010559,0.023666,0.035317
img_02911.jpg,0.018161,0.038380,0.016210,0.038411,0.032743,0.095614,0.045753,0.714729
img_02916.jpg,0.737244,0.047583,0.063051,0.027080,0.026420,0.050362,0.026835,0.021425
img_02920.jpg,0.748953,0.040162,0.016890,0.038948,0.027886,0.055789,0.023469,0.047903
img_02943.jpg,0.664675,0.016703,0.015002,0.035107,0.026726,0.166899,0.025198,0.049691
img_02949.jpg,0.516056,0.120790,0.062228,0.019674,0.032228,0.213555,0.009853,0.025616
img_02954.jpg,0.061209,0.076307,0.019554,0.016313,0.034591,0.028144,0.019199,0.744684
img_02956.jpg,0.384950,0.072777,0.028380,0.021931,0.096512,0.018174,0.038103,0.339173
img_02964.jpg,0.000491,0.023233,0.041891,0.019149,0.010050,0.018290,0.035162,0.851734
img_02974.jpg,0.824686,0.014778,0.016591,0.013596,0.065414,0.011213,0.015485,0.038236
img_02977.jpg,0.087546,0.320341,0.040035,0.015126,0.428699,0.018348,0.020999,0.068905
img_02993.jpg,0.054222,0.038811,0.307962,0.018542,0.024767,0.104723,0.011713,0.439260
img_03014.jpg,0.001029,0.004751,0.008511,0.012293,0.948516,0.009564,0.008828,0.006508
img_03043.jpg,0.014145,0.054580,0.149260,0.026847,0.046166,0.097386,0.059382,0.552235
img_03055.jpg,0.816303,0.017843,0.013229,0.033966,0.024519,0.039306,0.021271,0.033563
img_03064.jpg,0.600537,0.029403,0.025102,0.014122,0.178479,0.077077,0.025739,0.049542
img_03069.jpg,0.266372,0.069857,0.012286,0.033433,0.038865,0.095080,0.283513,0.200594
img_03074.jpg,0.816880,0.019414,0.017449,0.036492,0.032355,0.020628,0.026620,0.030162
img_03078.jpg,0.724588,0.027482,0.022997,0.024119,0.023048,0.041550,0.008195,0.128020
img_03080.jpg,0.759493,0.017372,0.019664,0.013646,0.098974,0.015788,0.028487,0.046575
img_03082.jpg,0.035916,0.824333,0.074465,0.008268,0.012144,0.020079,0.004535,0.020262
img_03087.jpg,0.344193,0.022925,0.028423,0.017696,0.290580,0.035647,0.127869,0.132667
img_03116.jpg,0.041391,0.008341,0.017127,0.016596,0.864643,0.009234,0.016294,0.026374
img_03128.jpg,0.621198,0.029240,0.021085,0.018995,0.025747,0.027043,0.039409,0.217283
img_03135.jpg,0.131287,0.032519,0.022107,0.030345,0.027827,0.014490,0.054596,0.686829
img_03140.jpg,0.752260,0.022415,0.023941,0.017070,0.089837,0.013114,0.033758,0.047605
img_03166.jpg,0.477213,0.060601,0.013041,0.024712,0.083054,0.013982,0.299369,0.028028
img_03169.jpg,0.000354,0.033664,0.466942,0.011912,0.024482,0.011433,0.005773,0.445440
img_03181.jpg,0.802456,0.028541,0.017757,0.017411,0.029213,0.031229,0.017315,0.056079
img_03195.jpg,0.802727,0.016655,0.012766,0.017798,0.033584,0.091743,0.011030,0.013697
img_03199.jpg,0.473099,0.025860,0.030099,0.021837,0.066865,0.016188,0.029448,0.336603
img_03210.jpg,0.016573,0.039235,0.123289,0.012026,0.238152,0.025237,0.019514,0.525974
img_03220.jpg,0.306743,0.088550,0.020117,0.189874,0.097751,0.134299,0.025598,0.137067
img_03222.jpg,0.601133,0.045496,0.024459,0.021739,0.058711,0.121517,0.026155,0.100790
img_03223.jpg,0.418799,0.082589,0.033705,0.042153,0.124363,0.052719,0.084289,0.161385
img_03228.jpg,0.556064,0.028111,0.026556,0.027279,0.034298,0.048902,0.019731,0.259058
img_03229.jpg,0.042389,0.018880,0.019325,0.028121,0.016698,0.264840,0.578184,0.031563
img_03231.jpg,0.713772,0.059074,0.066639,0.019594,0.083077,0.025341,0.019343,0.013161
img_03238.jpg,0.510953,0.028427,0.023483,0.018837,0.078697,0.141423,0.038693,0.159487
img_03239.jpg,0.001276,0.006057,0.002708,0.009753,0.000922,0.004666,0.970338,0.004280
img_03252.jpg,0.849701,0.016156,0.021744,0.019223,0.040116,0.008475,0.020178,0.024407
img_03254.jpg,0.040776,0.018775,0.009694,0.007782,0.092052,0.807627,0.009516,0.013777
img_03260.jpg,0.745594,0.029220,0.021056,0.017008,0.034679,0.056372,0.022679,0.073393
img_03261.jpg,0.405592,0.062913,0.046328,0.020378,0.114667,0.022453,0.024361,0.303307
img_03270.jpg,0.005930,0.004045,0.015552,0.010794,0.130764,0.007418,0.029280,0.796217
img_03283.jpg,0.007776,0.018332,0.022021,0.582847,0.015135,0.065761,0.020970,0.267156
img_03290.jpg,0.070996,0.038735,0.014322,0.016027,0.035295,0.010026,0.023888,0.790711
img_03297.jpg,0.743532,0.036611,0.029197,0.024786,0.094683,0.037168,0.022133,0.011889
img_03310.jpg,0.651126,0.107852,0.019854,0.109514,0.027796,0.028071,0.024102,0.031685
img_03312.jpg,0.604019,0.028616,0.029313,0.016472,0.103739,0.140133,0.029451,0.048256
img_03324.jpg,0.314337,0.091701,0.162924,0.016814,0.299981,0.046810,0.024374,0.043058
img_03333.jpg,0.467493,0.035449,0.024475,0.019049,0.173094,0.198209,0.040734,0.041497
img_03342.jpg,0.029430,0.017887,0.016820,0.012145,0.118555,0.018636,0.012149,0.774378
img_03346.jpg,0.646879,0.037476,0.022306,0.016154,0.046321,0.139025,0.020506,0.071334
img_03355.jpg,0.342588,0.060677,0.032146,0.024096,0.187838,0.018266,0.043823,0.290567
img_03361.jpg,0.006430,0.919490,0.007841,0.005713,0.030395,0.003156,0.006280,0.020695
img_03370.jpg,0.760413,0.023891,0.021374,0.021663,0.028427,0.032831,0.020329,0.091072
img_03399.jpg,0.423220,0.012134,0.014568,0.010776,0.466236,0.030500,0.010890,0.031678
img_03410.jpg,0.460909,0.036969,0.019010,0.017224,0.331157,0.013013,0.020015,0.101703
img_03422.jpg,0.870993,0.015907,0.012326,0.025171,0.016666,0.023796,0.018846,0.016295
img_03426.jpg,0.006765,0.003345,0.007214,0.018760,0.005596,0.015179,0.232652,0.710489
img_03439.jpg,0.583975,0.019953,0.016383,0.088971,0.021185,0.176369,0.047097,0.046067
img_03440.jpg,0.046635,0.035120,0.122691,0.015144,0.038088,0.021447,0.023304,0.697571
img_03444.jpg,0.257640,0.025816,0.028125,0.016849,0.292217,0.035199,0.098539,0.245614
img_03445.jpg,0.709736,0.027437,0.024937,0.020907,0.112144,0.021934,0.050513,0.032393
img_03446.jpg,0.003791,0.120863,0.083291,0.015740,0.025556,0.020990,0.015374,0.714393
img_03452.jpg,0.067009,0.783083,0.019863,0.011039,0.047322,0.009383,0.015490,0.046811
img_03454.jpg,0.808171,0.015211,0.016764,0.027295,0.075393,0.011984,0.026423,0.018759
img_03456.jpg,0.001251,0.002116,0.002660,0.008152,0.970686,0.005522,0.007923,0.001689
img_03457.jpg,0.718760,0.021089,0.043991,0.016802,0.047699,0.090829,0.021737,0.039094
img_03471.jpg,0.211800,0.063416,0.030480,0.160572,0.031940,0.082169,0.019172,0.400450
img_03475.jpg,0.100431,0.060685,0.066810,0.012196,0.658242,0.014137,0.015262,0.072238
img_03488.jpg,0.460859,0.049055,0.021516,0.026469,0.077532,0.133001,0.070489,0.161080
img_03490.jpg,0.316340,0.145242,0.022082,0.025037,0.052445,0.043248,0.088792,0.306814
img_03502.jpg,0.815902,0.019204,0.018130,0.028045,0.022242,0.027134,0.019456,0.049887
img_03504.jpg,0.718336,0.023860,0.016426,0.015768,0.023269,0.078641,0.016609,0.107091
img_03520.jpg,0.757420,0.020584,0.016395,0.011408,0.115082,0.028484,0.014529,0.036098
img_03527.jpg,0.002282,0.030467,0.183274,0.013735,0.014203,0.015937,0.013769,0.726331
img_03547.jpg,0.889661,0.010613,0.012192,0.015021,0.019597,0.013352,0.010571,0.028992
img_03548.jpg,0.558950,0.028931,0.021975,0.021718,0.035967,0.113872,0.053573,0.165013
img_03554.jpg,0.833406,0.030768,0.017660,0.011926,0.032354,0.016815,0.039943,0.017128
img_03563.jpg,0.050131,0.678049,0.040179,0.053969,0.015607,0.041040,0.008801,0.112224
img_03581.jpg,0.305392,0.014019,0.014060,0.140357,0.023618,0.391702,0.024612,0.086241
img_03584.jpg,0.003918,0.055694,0.339194,0.029551,0.305928,0.019449,0.034313,0.211954
img_03587.jpg,0.024265,0.035207,0.011559,0.020623,0.022399,0.011646,0.064522,0.809779
img_03588.jpg,0.059430,0.024469,0.011877,0.010469,0.040388,0.812839,0.027017,0.013511
img_03602.jpg,0.015075,0.018571,0.010054,0.007959,0.028882,0.882647,0.020685,0.016127
img_03627.jpg,0.861566,0.015760,0.017343,0.019222,0.021714,0.014699,0.025920,0.023775
img_03628.jpg,0.603143,0.032362,0.031132,0.016982,0.119145,0.017763,0.025975,0.153499
img_03652.jpg,0.797675,0.021318,0.021405,0.009477,0.060247,0.012337,0.063066,0.014475
img_03670.jpg,0.841366,0.016168,0.014504,0.020487,0.046327,0.014108,0.027381,0.019660
img_03674.jpg,0.191598,0.014483,0.016587,0.016275,0.689350,0.018289,0.020274,0.033143
img_03677.jpg,0.714801,0.015596,0.032119,0.012427,0.103251,0.073350,0.017406,0.031051
img_03711.jpg,0.706482,0.026060,0.018221,0.016459,0.033411,0.044046,0.025996,0.129326
img_03715.jpg,0.303377,0.014543,0.013975,0.352218,0.048160,0.179498,0.023219,0.065009
img_03718.jpg,0.564541,0.013597,0.018153,0.024404,0.024874,0.314951,0.021009,0.018470
img_03726.jpg,0.008721,0.072981,0.061573,0.059554,0.055280,0.014922,0.010099,0.716870
img_03739.jpg,0.015577,0.042223,0.199719,0.010622,0.016207,0.060027,0.014127,0.641498
img_03749.jpg,0.375815,0.047298,0.032879,0.036929,0.101340,0.223363,0.100128,0.082248
img_03750.jpg,0.038506,0.013901,0.014195,0.013645,0.014441,0.016972,0.029620,0.858720
img_03760.jpg,0.497806,0.101103,0.023365,0.014544,0.050156,0.111713,0.121170,0.080142
img_03764.jpg,0.286280,0.021121,0.020528,0.018215,0.079152,0.057773,0.107201,0.409731
