image,ALB,BET,DOL,LAG,NoF,OTHER,SHARK,YFT
img_00005.jpg,0.001762,0.000131,0.000396,0.000245,0.996404,0.000089,0.000516,0.000456
img_00007.jpg,0.001850,0.002840,0.000773,0.000420,0.000016,0.000252,0.000103,0.993746
img_00009.jpg,0.983146,0.013669,0.000091,0.000075,0.001022,0.001049,0.000434,0.000515
img_00018.jpg,0.917060,0.001420,0.002740,0.012856,0.000559,0.063530,0.001090,0.000746
img_00027.jpg,0.218713,0.031980,0.003353,0.003046,0.002518,0.509565,0.001581,0.229244
img_00030.jpg,0.078113,0.000697,0.004347,0.001212,0.793473,0.009512,0.101273,0.011374
img_00040.jpg,0.372594,0.038051,0.004210,0.010247,0.011194,0.307416,0.140121,0.116167
img_00046.jpg,0.809823,0.000543,0.000855,0.001211,0.179589,0.001152,0.002252,0.004573
img_00053.jpg,0.994936,0.000677,0.001039,0.000160,0.000564,0.000352,0.000824,0.001449
img_00071.jpg,0.001299,0.000156,0.000569,0.973337,0.004663,0.002165,0.017673,0.000138
img_00075.jpg,0.113197,0.003458,0.001754,0.000601,0.005993,0.873186,0.001557,0.000254
img_00102.jpg,0.033614,0.465127,0.001512,0.005507,0.000306,0.000701,0.002068,0.491164
img_00103.jpg,0.974018,0.002801,0.000486,0.000424,0.000470,0.021165,0.000117,0.000519
img_00109.jpg,0.987628,0.000219,0.001772,0.000394,0.006458,0.000354,0.001960,0.001215
img_00119.jpg,0.001001,0.230101,0.018026,0.015762,0.275318,0.005129,0.001095,0.453568
img_00120.jpg,0.149386,0.007665,0.000830,0.003916,0.000199,0.000376,0.039012,0.798617
img_00125.jpg,0.846322,0.000546,0.091169,0.020934,0.000084,0.001077,0.028396,0.011473
img_00128.jpg,0.000391,0.004723,0.886251,0.000396,0.001333,0.000602,0.000125,0.106178
img_00129.jpg,0.092750,0.020428,0.007525,0.011113,0.002595,0.211258,0.495860,0.158472
img_00133.jpg,0.000870,0.000906,0.000390,0.000282,0.995798,0.001247,0.000450,0.000059
img_00138.jpg,0.891835,0.028973,0.011564,0.001333,0.023857,0.032677,0.001571,0.008189
img_00141.jpg,0.000007,0.000547,0.001757,0.000231,0.000022,0.000008,0.000123,0.997305
img_00152.jpg,0.000054,0.000431,0.001029,0.000485,0.000342,0.014168,0.000225,0.983266
img_00161.jpg,0.000000,0.000318,0.000123,0.000027,0.000004,0.000079,0.000021,0.999428
img_00164.jpg,0.013118,0.002757,0.018337,0.022950,0.733193,0.005197,0.019996,0.184451
img_00170.jpg,0.840527,0.000490,0.008862,0.053044,0.002153,0.066175,0.002556,0.026194
img_00171.jpg,0.196904,0.000255,0.005361,0.010600,0.003163,0.781358,0.001458,0.000902
img_00172.jpg,0.000610,0.000072,0.000274,0.000580,0.996429,0.000099,0.001062,0.000874
img_00175.jpg,0.191672,0.000310,0.004176,0.008641,0.003532,0.789041,0.001490,0.001139
img_00180.jpg,0.000532,0.000044,0.000164,0.000061,0.000400,0.000017,0.000620,0.998161
img_00196.jpg,0.002659,0.504928,0.007230,0.006506,0.312509,0.002855,0.000466,0.162847
img_00212.jpg,0.012751,0.020568,0.000570,0.000966,0.000413,0.000185,0.006487,0.958060
img_00223.jpg,0.946436,0.001354,0.026995,0.001275,0.000320,0.008056,0.000674,0.014889
img_00230.jpg,0.875640,0.121124,0.000178,0.000241,0.000008,0.000184,0.000093,0.002532
img_00232.jpg,0.000408,0.009416,0.000030,0.000263,0.000199,0.000975,0.986241,0.002468
img_00244.jpg,0.671576,0.037509,0.006140,0.019767,0.000983,0.113898,0.002388,0.147737
img_00272.jpg,0.294438,0.036712,0.578366,0.044487,0.002159,0.007637,0.004330,0.031871
img_00280.jpg,0.247049,0.002908,0.001885,0.001209,0.741437,0.001863,0.001663,0.001986
img_00282.jpg,0.153508,0.000199,0.007127,0.020892,0.006240,0.808325,0.003084,0.000626
img_00285.jpg,0.950163,0.022220,0.000154,0.001003,0.000244,0.002211,0.002924,0.021081
img_00289.jpg,0.777792,0.001386,0.000218,0.000308,0.216254,0.002935,0.000746,0.000361
img_00292.jpg,0.762917,0.098359,0.000455,0.000338,0.003318,0.024599,0.000520,0.109493
img_00302.jpg,0.319981,0.030501,0.006589,0.010988,0.007801,0.219210,0.233809,0.171121
img_00311.jpg,0.998942,0.000311,0.000021,0.000053,0.000166,0.000318,0.000141,0.000047
img_00320.jpg,0.956016,0.043024,0.000038,0.000022,0.000164,0.000386,0.000138,0.000211
img_00331.jpg,0.785709,0.006211,0.000358,0.001726,0.001227,0.110670,0.009485,0.084614
img_00358.jpg,0.107622,0.059288,0.000687,0.001628,0.000406,0.044872,0.003488,0.782009
img_00374.jpg,0.946388,0.000517,0.000562,0.000086,0.000082,0.000400,0.000096,0.051868
img_00375.jpg,0.273370,0.069200,0.098109,0.012112,0.250131,0.274846,0.004403,0.017829
img_00376.jpg,0.853348,0.003452,0.006395,0.000839,0.017273,0.011721,0.047496,0.059476
img_00380.jpg,0.964329,0.001444,0.006588,0.003539,0.006443,0.017077,0.000427,0.000153
img_00383.jpg,0.997298,0.000824,0.000054,0.000109,0.000446,0.000584,0.000337,0.000349
img_00398.jpg,0.875950,0.010628,0.001620,0.001559,0.008039,0.002423,0.003509,0.096272
img_00407.jpg,0.938725,0.004795,0.002403,0.004965,0.000372,0.047179,0.000171,0.001391
img_00417.jpg,0.092319,0.012930,0.000569,0.001526,0.000532,0.000332,0.008362,0.883431
img_00432.jpg,0.790543,0.052385,0.034841,0.014740,0.009340,0.055919,0.028070,0.014161
img_00442.jpg,0.000060,0.000250,0.000254,0.000052,0.000005,0.000030,0.000376,0.998973
img_00446.jpg,0.654621,0.002541,0.001379,0.010875,0.020882,0.251569,0.006203,0.051930
img_00469.jpg,0.631221,0.003818,0.002957,0.013623,0.003132,0.004000,0.003939,0.337309
img_00473.jpg,0.311487,0.010241,0.025318,0.001764,0.084271,0.006478,0.002259,0.558182
img_00483.jpg,0.988643,0.000496,0.000119,0.000055,0.000903,0.000137,0.000132,0.009514
img_00484.jpg,0.291500,0.010207,0.003059,0.004387,0.002510,0.000108,0.023669,0.664560
img_00486.jpg,0.672136,0.052699,0.233780,0.018092,0.003103,0.010300,0.005402,0.004489
img_00487.jpg,0.000810,0.000066,0.000202,0.000099,0.995214,0.000048,0.000067,0.003494
img_00493.jpg,0.028268,0.038070,0.078679,0.177685,0.208718,0.034105,0.028417,0.406058
img_00518.jpg,0.925586,0.000894,0.001974,0.002098,0.057733,0.004043,0.006465,0.001208
img_00533.jpg,0.044113,0.133708,0.000633,0.001356,0.000534,0.000325,0.003551,0.815780
img_00538.jpg,0.982057,0.001712,0.000643,0.001230,0.001994,0.000290,0.000850,0.011224
img_00543.jpg,0.998100,0.000715,0.000047,0.000090,0.000250,0.000462,0.000272,0.000064
img_00550.jpg,0.738146,0.040576,0.066578,0.015387,0.009677,0.072030,0.023459,0.034147
img_00551.jpg,0.966708,0.000630,0.001782,0.002012,0.001235,0.026436,0.000436,0.000761
img_00564.jpg,0.001924,0.005268,0.002123,0.001087,0.985384,0.002537,0.000553,0.001123
img_00575.jpg,0.857367,0.003753,0.000583,0.000589,0.000909,0.002256,0.008799,0.125743
img_00582.jpg,0.592006,0.158330,0.046534,0.023912,0.022734,0.094058,0.046229,0.016198
img_00584.jpg,0.993215,0.000720,0.000185,0.000006,0.001917,0.000028,0.000043,0.003886
img_00587.jpg,0.243912,0.049590,0.000396,0.000240,0.000416,0.002346,0.000089,0.703012
img_00590.jpg,0.585774,0.239162,0.001424,0.001454,0.000332,0.000400,0.000333,0.171123
img_00591.jpg,0.150480,0.017727,0.003291,0.002875,0.000240,0.121940,0.007397,0.696050
img_00598.jpg,0.952020,0.004581,0.001276,0.001529,0.000788,0.001490,0.000458,0.037858
img_00599.jpg,0.908911,0.007538,0.000141,0.000195,0.000048,0.000112,0.005496,0.077560
img_00612.jpg,0.535181,0.048411,0.004693,0.002147,0.000420,0.107307,0.041278,0.260563
img_00618.jpg,0.598607,0.002230,0.000300,0.000332,0.395613,0.000692,0.001234,0.000993
img_00620.jpg,0.987708,0.001812,0.005025,0.000446,0.000882,0.001115,0.000850,0.002161
img_00642.jpg,0.000225,0.000080,0.000626,0.993434,0.000410,0.004133,0.000994,0.000097
img_00646.jpg,0.000257,0.000780,0.014535,0.000156,0.000038,0.002370,0.002791,0.979074
img_00648.jpg,0.999023,0.000315,0.000018,0.000044,0.000200,0.000248,0.000104,0.000048
img_00650.jpg,0.048034,0.001166,0.002468,0.000603,0.000570,0.906045,0.011632,0.029484
img_00654.jpg,0.610837,0.088427,0.012492,0.003801,0.247381,0.028923,0.004217,0.003923
img_00664.jpg,0.993548,0.005490,0.000020,0.000013,0.000215,0.000134,0.000108,0.000472
img_00667.jpg,0.004537,0.224798,0.007029,0.009954,0.252351,0.010855,0.001293,0.489183
img_00676.jpg,0.001629,0.352270,0.006370,0.004692,0.180851,0.001406,0.000293,0.452489
img_00697.jpg,0.000004,0.000144,0.000826,0.000024,0.000003,0.000003,0.000019,0.998976
img_00708.jpg,0.102111,0.028531,0.003151,0.004753,0.001537,0.285385,0.016369,0.558163
img_00716.jpg,0.064042,0.205229,0.030205,0.053352,0.007762,0.065695,0.155420,0.418296
img_00717.jpg,0.521167,0.433468,0.005652,0.004263,0.000642,0.027463,0.002270,0.005076
img_00718.jpg,0.977898,0.000548,0.000768,0.000776,0.000965,0.017586,0.000283,0.001176
img_00723.jpg,0.604527,0.026783,0.004690,0.005924,0.325455,0.027655,0.002514,0.002453
img_00724.jpg,0.002271,0.000974,0.003683,0.029579,0.010199,0.001698,0.619329,0.332267
img_00726.jpg,0.991555,0.001395,0.000110,0.000141,0.004107,0.001816,0.000835,0.000041
img_00729.jpg,0.906136,0.001022,0.000314,0.000633,0.088209,0.001461,0.001981,0.000244
img_00730.jpg,0.443924,0.033290,0.001064,0.000123,0.000055,0.000060,0.000107,0.521377
img_00757.jpg,0.990096,0.000662,0.000564,0.001034,0.001505,0.004633,0.000257,0.001249
img_00760.jpg,0.002421,0.000405,0.000897,0.995781,0.000114,0.000221,0.000049,0.000112
img_00763.jpg,0.000297,0.000914,0.000735,0.001321,0.991167,0.000094,0.000151,0.005322
img_00764.jpg,0.001747,0.004662,0.043334,0.000516,0.041644,0.001094,0.000133,0.906870
img_00765.jpg,0.000836,0.199941,0.001353,0.004971,0.000340,0.772414,0.000178,0.019967
img_00772.jpg,0.000079,0.006103,0.759058,0.000265,0.000655,0.001254,0.000048,0.232539
img_00773.jpg,0.589364,0.002345,0.363995,0.022230,0.003636,0.007919,0.001275,0.009236
img_00777.jpg,0.761553,0.109797,0.001020,0.000479,0.011048,0.115239,0.000281,0.000583
img_00780.jpg,0.000291,0.013620,0.028355,0.000710,0.000796,0.275502,0.008078,0.672647
img_00798.jpg,0.976816,0.017382,0.001040,0.000795,0.000063,0.000640,0.001278,0.001986
img_00808.jpg,0.521638,0.419801,0.011342,0.009739,0.000431,0.021251,0.001818,0.013979
img_00816.jpg,0.898970,0.012504,0.000790,0.000516,0.034340,0.026832,0.002566,0.023482
img_00828.jpg,0.000051,0.005882,0.000607,0.001378,0.991736,0.000009,0.000259,0.000078
img_00833.jpg,0.009082,0.063197,0.003364,0.004561,0.003773,0.058989,0.012429,0.844605
img_00837.jpg,0.978560,0.001635,0.001129,0.000354,0.000831,0.017155,0.000202,0.000134
img_00855.jpg,0.469223,0.010357,0.002959,0.005970,0.000521,0.000405,0.002821,0.507743
img_00857.jpg,0.956510,0.042791,0.000036,0.000026,0.000112,0.000225,0.000104,0.000196
img_00858.jpg,0.991048,0.000062,0.000014,0.000080,0.000586,0.001413,0.000031,0.006765
img_00865.jpg,0.981450,0.017076,0.000170,0.000085,0.000026,0.000375,0.000321,0.000498
img_00876.jpg,0.000992,0.375161,0.008063,0.007970,0.399758,0.001571,0.000334,0.206152
img_00889.jpg,0.001604,0.006757,0.042993,0.000464,0.000303,0.006514,0.000428,0.940935
img_00894.jpg,0.907490,0.018175,0.007471,0.001234,0.031850,0.000546,0.001348,0.031886
img_00902.jpg,0.000134,0.005450,0.000029,0.000317,0.000327,0.000652,0.992649,0.000443
img_00914.jpg,0.000106,0.002138,0.001185,0.000074,0.001204,0.000054,0.000013,0.995226
img_00921.jpg,0.297954,0.002485,0.005859,0.009151,0.385837,0.136420,0.042792,0.119502
img_00927.jpg,0.168514,0.167334,0.000396,0.000751,0.000536,0.000081,0.000268,0.662120
img_00943.jpg,0.992725,0.000719,0.000086,0.000059,0.000743,0.000073,0.000130,0.005466
img_00948.jpg,0.187455,0.006012,0.009111,0.004892,0.735005,0.008163,0.001283,0.048078
img_00950.jpg,0.000938,0.001122,0.003053,0.000499,0.976888,0.016791,0.000336,0.000373
img_00959.jpg,0.949706,0.000525,0.000332,0.000934,0.046327,0.000873,0.000760,0.000544
img_00962.jpg,0.000035,0.003168,0.002817,0.000064,0.000090,0.000228,0.000009,0.993588
img_00964.jpg,0.000015,0.000152,0.991866,0.000075,0.000008,0.000096,0.000049,0.007739
img_00966.jpg,0.958923,0.004906,0.000266,0.000314,0.017478,0.000148,0.001989,0.015976
img_00974.jpg,0.964001,0.018879,0.001923,0.000354,0.000092,0.004714,0.000196,0.009842
img_00979.jpg,0.060620,0.001870,0.020313,0.000614,0.000531,0.007753,0.003928,0.904370
img_00982.jpg,0.004728,0.911686,0.005248,0.005886,0.018890,0.010245,0.002259,0.041057
img_00985.jpg,0.580877,0.201310,0.000766,0.000478,0.003346,0.051007,0.001374,0.160843
img_00999.jpg,0.977037,0.010869,0.000075,0.000065,0.000242,0.000061,0.000009,0.011641
img_01022.jpg,0.948991,0.000314,0.002038,0.015999,0.001809,0.025463,0.000210,0.005175
img_01031.jpg,0.745381,0.003742,0.032233,0.005130,0.108641,0.100422,0.003613,0.000838
img_01035.jpg,0.863914,0.054870,0.000753,0.000726,0.011037,0.067840,0.000297,0.000563
img_01043.jpg,0.000013,0.000013,0.000203,0.000102,0.997537,0.000021,0.001956,0.000155
img_01058.jpg,0.572751,0.085087,0.010862,0.000577,0.003524,0.019965,0.000546,0.306689
img_01059.jpg,0.092357,0.003540,0.000544,0.000325,0.000043,0.003144,0.004027,0.896022
img_01090.jpg,0.006550,0.008988,0.001748,0.000311,0.974324,0.000831,0.000919,0.006328
img_01102.jpg,0.025758,0.720116,0.107728,0.010055,0.011021,0.000643,0.002999,0.121679
img_01103.jpg,0.295682,0.063358,0.111414,0.007232,0.002097,0.002643,0.055017,0.462556
img_01116.jpg,0.986324,0.000192,0.000477,0.000694,0.000080,0.011145,0.000241,0.000848
img_01134.jpg,0.927062,0.000329,0.002014,0.002472,0.000541,0.066009,0.000475,0.001097
img_01142.jpg,0.994622,0.000152,0.000209,0.000120,0.002889,0.000418,0.000201,0.001388
img_01168.jpg,0.007271,0.134031,0.001900,0.003146,0.001301,0.843096,0.001289,0.007965
img_01171.jpg,0.000645,0.002575,0.001190,0.001202,0.972831,0.000256,0.000188,0.021114
img_01177.jpg,0.965534,0.000253,0.001134,0.001578,0.022372,0.003852,0.000541,0.004737
img_01179.jpg,0.640211,0.001578,0.027948,0.038116,0.014479,0.241261,0.035581,0.000825
img_01188.jpg,0.000982,0.228833,0.003085,0.003452,0.001275,0.732061,0.000182,0.030130
img_01198.jpg,0.275906,0.019016,0.016420,0.002624,0.643872,0.003178,0.002321,0.036663
img_01204.jpg,0.003165,0.199179,0.007976,0.012769,0.230437,0.019232,0.002090,0.525152
img_01208.jpg,0.014757,0.000280,0.001091,0.000394,0.980038,0.001964,0.000277,0.001200
img_01211.jpg,0.966951,0.005403,0.000723,0.003117,0.005803,0.012229,0.000506,0.005268
img_01213.jpg,0.884285,0.004615,0.002051,0.012139,0.054298,0.003912,0.009979,0.028721
img_01222.jpg,0.190314,0.205995,0.044165,0.080757,0.000284,0.129696,0.003827,0.344962
img_01224.jpg,0.371786,0.002964,0.024823,0.000426,0.001383,0.006318,0.000939,0.591361
img_01237.jpg,0.005354,0.001232,0.001109,0.003218,0.977777,0.000880,0.004966,0.005464
img_01249.jpg,0.004605,0.003566,0.001370,0.002711,0.984486,0.002822,0.000277,0.000162
img_01253.jpg,0.000000,0.000083,0.000029,0.000022,0.000001,0.000009,0.000012,0.999844
img_01286.jpg,0.001405,0.000634,0.000718,0.000918,0.014015,0.000357,0.002340,0.979615
img_01289.jpg,0.120353,0.006114,0.000554,0.000303,0.000056,0.002273,0.003147,0.867199
img_01325.jpg,0.009727,0.092366,0.002740,0.001343,0.891893,0.000273,0.000612,0.001047
img_01328.jpg,0.889368,0.009215,0.002744,0.003872,0.033618,0.025545,0.005839,0.029800
img_01366.jpg,0.150263,0.000389,0.006635,0.013311,0.002095,0.824230,0.001341,0.001735
img_01371.jpg,0.919342,0.005123,0.005013,0.001282,0.064310,0.002813,0.000718,0.001399
img_01373.jpg,0.657999,0.032934,0.026556,0.006105,0.129965,0.135400,0.006331,0.004710
img_01377.jpg,0.064781,0.012072,0.028958,0.006295,0.859846,0.008406,0.000903,0.018738
img_01379.jpg,0.729477,0.078124,0.021861,0.003130,0.010743,0.144806,0.002847,0.009014
img_01384.jpg,0.680440,0.054574,0.134843,0.017403,0.030409,0.025729,0.031234,0.025368
img_01388.jpg,0.736338,0.037699,0.000276,0.000266,0.097314,0.123786,0.003750,0.000571
img_01392.jpg,0.000012,0.000976,0.968106,0.000214,0.000520,0.000087,0.000090,0.029994
img_01399.jpg,0.006811,0.684426,0.203444,0.003719,0.001521,0.007671,0.001433,0.090976
img_01404.jpg,0.961311,0.000537,0.000410,0.031376,0.000543,0.001502,0.001953,0.002368
img_01405.jpg,0.986653,0.000594,0.000800,0.000556,0.000300,0.010297,0.000268,0.000533
img_01413.jpg,0.915723,0.000375,0.004913,0.008660,0.033197,0.033192,0.001687,0.002254
img_01426.jpg,0.107823,0.312861,0.005037,0.001630,0.000510,0.000973,0.014668,0.556498
img_01431.jpg,0.001490,0.000725,0.001006,0.996162,0.000169,0.000290,0.000068,0.000090
img_01441.jpg,0.000001,0.000095,0.001052,0.000064,0.000010,0.000766,0.000820,0.997192
img_01444.jpg,0.297994,0.092152,0.035179,0.005377,0.000346,0.097840,0.040528,0.430583
img_01490.jpg,0.000195,0.002506,0.989275,0.000598,0.000195,0.000181,0.000104,0.006946
img_01495.jpg,0.977985,0.002837,0.003377,0.000602,0.000101,0.000133,0.000126,0.014838
img_01505.jpg,0.000329,0.186594,0.007574,0.018896,0.227615,0.007932,0.001357,0.549704
img_01511.jpg,0.898210,0.004160,0.030651,0.021169,0.015336,0.017772,0.007845,0.004856
img_01519.jpg,0.292928,0.248803,0.014883,0.012423,0.003590,0.159565,0.073073,0.194736
img_01530.jpg,0.801659,0.012740,0.008666,0.000823,0.161167,0.001483,0.001306,0.012155
img_01537.jpg,0.425234,0.017625,0.012915,0.002304,0.005576,0.527076,0.001005,0.008265
img_01538.jpg,0.963274,0.009274,0.002910,0.000895,0.000446,0.020294,0.002004,0.000903
img_01541.jpg,0.000101,0.013294,0.000656,0.002937,0.980007,0.000519,0.000091,0.002396
img_01543.jpg,0.983823,0.001021,0.003043,0.000028,0.003234,0.000110,0.000225,0.008517
img_01548.jpg,0.975619,0.002326,0.000339,0.000103,0.002151,0.005418,0.000063,0.013981
img_01552.jpg,0.965299,0.033402,0.000066,0.000012,0.000223,0.000639,0.000133,0.000226
img_01561.jpg,0.000026,0.000006,0.000010,0.000081,0.999807,0.000015,0.000032,0.000023
img_01562.jpg,0.025158,0.002606,0.000300,0.000694,0.000044,0.000018,0.014361,0.956819
img_01571.jpg,0.961859,0.009977,0.001031,0.000686,0.001668,0.000520,0.004844,0.019414
img_01593.jpg,0.762057,0.214532,0.000535,0.001011,0.000499,0.000414,0.000344,0.020607
img_01595.jpg,0.000000,0.000441,0.000208,0.000249,0.998402,0.000006,0.000576,0.000118
img_01616.jpg,0.925290,0.044995,0.001386,0.000754,0.002256,0.000951,0.021452,0.002915
img_01618.jpg,0.991249,0.000218,0.000026,0.000038,0.004512,0.003373,0.000308,0.000276
img_01627.jpg,0.989779,0.005843,0.000141,0.000148,0.000137,0.003513,0.000268,0.000170
img_01632.jpg,0.949840,0.000973,0.000182,0.000224,0.042899,0.004095,0.000324,0.001463
img_01633.jpg,0.733251,0.002862,0.000273,0.000161,0.000126,0.250912,0.001007,0.011408
img_01640.jpg,0.998980,0.000323,0.000019,0.000044,0.000128,0.000393,0.000077,0.000036
img_01646.jpg,0.991722,0.002748,0.000182,0.001086,0.000468,0.002932,0.000464,0.000398
img_01647.jpg,0.391872,0.032862,0.001308,0.000654,0.305833,0.006409,0.003523,0.257539
img_01649.jpg,0.978676,0.000369,0.001431,0.002067,0.010411,0.002885,0.002989,0.001171
img_01657.jpg,0.000001,0.000693,0.997633,0.000090,0.000158,0.000031,0.000011,0.001383
img_01669.jpg,0.000531,0.000731,0.001117,0.997275,0.000127,0.000073,0.000035,0.000111
img_01673.jpg,0.714025,0.006781,0.002846,0.000417,0.242570,0.007802,0.002194,0.023365
img_01681.jpg,0.000562,0.000246,0.000487,0.000072,0.000123,0.000077,0.000076,0.998359
img_01684.jpg,0.963923,0.009620,0.000397,0.000846,0.000088,0.005362,0.000346,0.019418
img_01685.jpg,0.878270,0.001447,0.015820,0.003924,0.037185,0.043661,0.016366,0.003328
img_01687.jpg,0.031726,0.006479,0.000064,0.000027,0.000127,0.000044,0.000120,0.961413
img_01688.jpg,0.029106,0.002406,0.000436,0.000251,0.000040,0.001176,0.002183,0.964403
img_01689.jpg,0.007025,0.169962,0.034620,0.000882,0.006920,0.048702,0.032658,0.699231
img_01716.jpg,0.000073,0.004786,0.000392,0.001427,0.993012,0.000062,0.000173,0.000076
img_01717.jpg,0.474874,0.033627,0.004097,0.007034,0.436335,0.037774,0.002969,0.003289
img_01724.jpg,0.329243,0.008567,0.017290,0.002770,0.007871,0.626458,0.000764,0.007037
img_01745.jpg,0.942290,0.001493,0.026062,0.001703,0.014136,0.001433,0.000724,0.012158
img_01771.jpg,0.983874,0.000485,0.002192,0.001046,0.001384,0.002721,0.001058,0.007241
img_01773.jpg,0.322526,0.078730,0.000992,0.001786,0.000111,0.000054,0.028744,0.567057
img_01781.jpg,0.133714,0.003399,0.003222,0.149783,0.688816,0.008623,0.004938,0.007506
img_01782.jpg,0.000000,0.000110,0.000074,0.000178,0.999124,0.000006,0.000448,0.000060
img_01802.jpg,0.594396,0.018458,0.000911,0.000991,0.201129,0.109607,0.002809,0.071698
img_01803.jpg,0.000002,0.000177,0.996827,0.000044,0.000008,0.000078,0.000038,0.002827
img_01824.jpg,0.609192,0.003932,0.000469,0.000330,0.000207,0.374530,0.001086,0.010255
img_01825.jpg,0.006367,0.921489,0.011057,0.000102,0.052468,0.000926,0.000181,0.007410
img_01831.jpg,0.675352,0.000998,0.028763,0.162056,0.009933,0.087813,0.003697,0.031388
img_01834.jpg,0.407284,0.002401,0.027297,0.000520,0.001167,0.003665,0.002891,0.554774
img_01847.jpg,0.002798,0.251955,0.000295,0.001026,0.000187,0.000183,0.000109,0.743447
img_01853.jpg,0.156720,0.076230,0.000142,0.000279,0.000604,0.000086,0.000211,0.765727
img_01856.jpg,0.881124,0.007219,0.002176,0.003445,0.019350,0.008287,0.006860,0.071539
img_01860.jpg,0.863601,0.012619,0.006881,0.002910,0.014995,0.014936,0.023908,0.060150
img_01862.jpg,0.312502,0.012490,0.018213,0.002760,0.011572,0.635878,0.000789,0.005795
img_01874.jpg,0.806410,0.011233,0.000466,0.001570,0.026279,0.116222,0.002117,0.035703
img_01888.jpg,0.000235,0.679510,0.001350,0.004508,0.000439,0.303226,0.000219,0.010512
img_01918.jpg,0.020073,0.001150,0.020100,0.780605,0.008653,0.005137,0.001584,0.162698
img_01930.jpg,0.954942,0.002346,0.010720,0.003080,0.004495,0.023618,0.000526,0.000274
img_01932.jpg,0.659724,0.004890,0.006207,0.024749,0.005819,0.011279,0.007166,0.280165
img_01955.jpg,0.000000,0.000025,0.000064,0.000053,0.000002,0.000036,0.000032,0.999787
img_01963.jpg,0.996297,0.000994,0.000261,0.000128,0.000177,0.000558,0.000297,0.001290
img_01966.jpg,0.988627,0.004185,0.000067,0.000075,0.000013,0.000060,0.000214,0.006759
img_01976.jpg,0.981703,0.002557,0.000168,0.000099,0.000159,0.000505,0.000237,0.014574
img_01983.jpg,0.611206,0.048820,0.044689,0.011080,0.260159,0.004658,0.002657,0.016731
img_01984.jpg,0.232528,0.011278,0.000577,0.000514,0.000017,0.000196,0.000143,0.754747
img_01995.jpg,0.001271,0.967870,0.000581,0.007065,0.000195,0.003872,0.000066,0.019081
img_01996.jpg,0.207651,0.003502,0.000529,0.001964,0.001628,0.706149,0.017980,0.060598
img_02001.jpg,0.910601,0.008717,0.000938,0.005314,0.014207,0.007515,0.002108,0.050599
img_02006.jpg,0.452856,0.010266,0.214625,0.188562,0.003576,0.009815,0.004678,0.115621
img_02066.jpg,0.807205,0.003926,0.006273,0.002405,0.014133,0.005335,0.003519,0.157203
img_02074.jpg,0.994008,0.001197,0.000429,0.000899,0.000125,0.002285,0.000051,0.001006
img_02076.jpg,0.044269,0.766057,0.032864,0.003370,0.142145,0.001004,0.000799,0.009493
img_02077.jpg,0.214652,0.000503,0.007281,0.234549,0.000939,0.539307,0.002529,0.000240
img_02078.jpg,0.015231,0.100790,0.531937,0.009905,0.125263,0.003431,0.000891,0.212551
img_02082.jpg,0.003329,0.000237,0.001648,0.000962,0.969041,0.002910,0.021786,0.000087
img_02083.jpg,0.000015,0.000023,0.000084,0.000060,0.999579,0.000089,0.000054,0.000098
img_02096.jpg,0.999317,0.000464,0.000013,0.000011,0.000079,0.000017,0.000048,0.000052
img_02119.jpg,0.943670,0.001721,0.029746,0.001634,0.000389,0.004813,0.000710,0.017318
img_02124.jpg,0.083710,0.000861,0.000165,0.000135,0.000376,0.913023,0.000813,0.000916
img_02135.jpg,0.000719,0.000274,0.000069,0.000120,0.997115,0.000335,0.001175,0.000193
img_02146.jpg,0.872480,0.001093,0.000072,0.000034,0.125340,0.000524,0.000108,0.000349
img_02159.jpg,0.044341,0.007865,0.002645,0.009239,0.917620,0.007175,0.001893,0.009221
img_02172.jpg,0.445190,0.009198,0.014095,0.002149,0.008383,0.515228,0.000764,0.004993
img_02180.jpg,0.986027,0.007875,0.000568,0.000465,0.000290,0.002939,0.000824,0.001011
img_02188.jpg,0.213853,0.032323,0.000694,0.000270,0.000029,0.000073,0.005141,0.747617
img_02194.jpg,0.902171,0.003187,0.000150,0.000393,0.091196,0.002061,0.000712,0.000130
img_02209.jpg,0.074434,0.000978,0.000217,0.000212,0.000916,0.919961,0.001691,0.001592
img_02216.jpg,0.039583,0.530553,0.013822,0.000802,0.291043,0.030175,0.003286,0.090737
img_02231.jpg,0.524534,0.010746,0.036413,0.033746,0.325324,0.030050,0.008603,0.030584
img_02235.jpg,0.001880,0.545104,0.002225,0.088060,0.001670,0.003852,0.000146,0.357063
img_02252.jpg,0.941262,0.000288,0.000583,0.000189,0.053137,0.000282,0.002039,0.002220
img_02268.jpg,0.952074,0.000964,0.003224,0.002566,0.015283,0.003820,0.002580,0.019490
img_02270.jpg,0.954431,0.002856,0.000533,0.000447,0.005146,0.002233,0.000960,0.033395
img_02281.jpg,0.049398,0.008908,0.010175,0.492098,0.332014,0.019136,0.015188,0.073084
img_02282.jpg,0.000007,0.000506,0.000497,0.000700,0.000021,0.000562,0.001942,0.995765
img_02285.jpg,0.731896,0.004529,0.000427,0.000534,0.252790,0.006324,0.002591,0.000908
img_02291.jpg,0.931229,0.064346,0.000387,0.000076,0.002026,0.001064,0.000303,0.000569
img_02299.jpg,0.216294,0.097546,0.034543,0.074897,0.000256,0.157591,0.005564,0.413309
img_02305.jpg,0.000675,0.630419,0.002567,0.159433,0.003227,0.003611,0.000161,0.199908
img_02307.jpg,0.797177,0.114877,0.000216,0.000481,0.000829,0.005041,0.001283,0.080097
img_02309.jpg,0.997759,0.000694,0.000029,0.000074,0.000303,0.000811,0.000274,0.000056
img_02318.jpg,0.079212,0.002511,0.000922,0.000655,0.000578,0.019090,0.001495,0.895537
img_02347.jpg,0.258988,0.010195,0.012740,0.001959,0.666484,0.002206,0.001477,0.045950
img_02356.jpg,0.002024,0.000041,0.000331,0.000209,0.003474,0.000112,0.001694,0.992115
img_02367.jpg,0.995743,0.000608,0.000065,0.000065,0.001740,0.000054,0.000838,0.000887
img_02372.jpg,0.000070,0.000580,0.000478,0.000408,0.997737,0.000137,0.000209,0.000380
img_02379.jpg,0.307260,0.022597,0.018086,0.016580,0.078208,0.059529,0.102416,0.395323
img_02384.jpg,0.719625,0.003891,0.001707,0.002579,0.001395,0.027618,0.060730,0.182454
img_02398.jpg,0.548702,0.115196,0.031605,0.028962,0.005322,0.223886,0.005153,0.041175
img_02400.jpg,0.951295,0.001800,0.011109,0.000679,0.003072,0.029664,0.000543,0.001837
img_02406.jpg,0.208177,0.000239,0.006885,0.248096,0.000664,0.533340,0.001667,0.000931
img_02412.jpg,0.162984,0.001420,0.004386,0.000671,0.002012,0.004532,0.003903,0.820091
img_02416.jpg,0.006763,0.791954,0.010722,0.013645,0.089742,0.047560,0.003206,0.036407
img_02422.jpg,0.883931,0.038546,0.000535,0.001360,0.003961,0.004467,0.014874,0.052325
img_02479.jpg,0.000252,0.000367,0.000391,0.000307,0.995281,0.000087,0.000155,0.003160
img_02486.jpg,0.842612,0.098585,0.003878,0.000933,0.000414,0.051418,0.000696,0.001465
img_02487.jpg,0.989402,0.001322,0.000076,0.000103,0.001516,0.000126,0.000243,0.007212
img_02507.jpg,0.700207,0.026073,0.061612,0.015159,0.018821,0.098657,0.023506,0.055964
img_02522.jpg,0.978787,0.008104,0.000708,0.006212,0.002494,0.002709,0.000170,0.000816
img_02540.jpg,0.858890,0.019984,0.014859,0.008263,0.003477,0.071208,0.016897,0.006423
img_02546.jpg,0.269984,0.008228,0.008092,0.002606,0.030564,0.010460,0.037630,0.632436
img_02556.jpg,0.082586,0.029562,0.000172,0.000281,0.000088,0.000025,0.000040,0.887247
img_02560.jpg,0.000039,0.000001,0.000008,0.000006,0.999924,0.000005,0.000015,0.000002
img_02563.jpg,0.000040,0.000067,0.000081,0.000162,0.999127,0.000162,0.000133,0.000228
img_02565.jpg,0.619511,0.016506,0.007133,0.013921,0.100032,0.061988,0.026853,0.154055
img_02573.jpg,0.016569,0.765486,0.008340,0.009393,0.062705,0.063169,0.004867,0.069473
img_02574.jpg,0.022302,0.010957,0.004090,0.003407,0.043124,0.002890,0.017659,0.895572
img_02602.jpg,0.770541,0.018656,0.000867,0.000606,0.004213,0.002463,0.002790,0.199864
img_02607.jpg,0.110198,0.012485,0.006940,0.004816,0.794076,0.044575,0.007660,0.019249
img_02622.jpg,0.851250,0.003083,0.000910,0.001136,0.001498,0.003555,0.009238,0.129329
img_02625.jpg,0.102649,0.002047,0.000281,0.000515,0.000736,0.888849,0.002074,0.002850
img_02636.jpg,0.802405,0.018106,0.004218,0.001041,0.069166,0.001277,0.001426,0.102360
img_02638.jpg,0.929978,0.060332,0.000720,0.000263,0.000127,0.003147,0.000240,0.005193
img_02641.jpg,0.989658,0.000325,0.000282,0.000221,0.001888,0.000665,0.000199,0.006761
img_02646.jpg,0.005845,0.012897,0.000117,0.000053,0.000051,0.001116,0.000167,0.979754
img_02648.jpg,0.007886,0.002318,0.058062,0.003614,0.000444,0.011641,0.000925,0.915109
img_02651.jpg,0.971988,0.001363,0.005633,0.000059,0.006840,0.000095,0.000326,0.013697
img_02656.jpg,0.671576,0.294980,0.003261,0.001055,0.000077,0.006206,0.000706,0.022138
img_02666.jpg,0.975990,0.001952,0.000381,0.000071,0.001684,0.007801,0.000113,0.012007
img_02679.jpg,0.337252,0.178568,0.006185,0.000564,0.405653,0.001408,0.002239,0.068130
img_02687.jpg,0.005533,0.001371,0.000256,0.000165,0.000120,0.001556,0.000844,0.990154
img_02699.jpg,0.416420,0.020503,0.002493,0.003137,0.018036,0.002592,0.037385,0.499433
img_02702.jpg,0.959701,0.001333,0.000821,0.000125,0.033933,0.001200,0.000312,0.002576
img_02703.jpg,0.225298,0.000531,0.006411,0.009346,0.044992,0.001068,0.037351,0.675002
img_02709.jpg,0.991250,0.000665,0.000555,0.000964,0.000541,0.004858,0.000215,0.000952
img_02726.jpg,0.542012,0.079797,0.083979,0.009745,0.264629,0.004529,0.001777,0.013532
img_02733.jpg,0.804563,0.002998,0.030953,0.035706,0.059668,0.049060,0.009083,0.007970
img_02734.jpg,0.344028,0.027569,0.132436,0.121380,0.007493,0.299709,0.056857,0.010527
img_02739.jpg,0.998583,0.000295,0.000025,0.000058,0.000312,0.000474,0.000207,0.000046
img_02749.jpg,0.831675,0.000615,0.009892,0.072367,0.002904,0.065421,0.003087,0.014037
img_02759.jpg,0.019911,0.019561,0.386269,0.002328,0.012684,0.002391,0.026039,0.530817
img_02764.jpg,0.980399,0.001377,0.000085,0.000074,0.016058,0.001216,0.000269,0.000522
img_02766.jpg,0.983402,0.015842,0.000063,0.000009,0.000156,0.000218,0.000078,0.000232
img_02769.jpg,0.004428,0.006211,0.350718,0.001638,0.002161,0.001709,0.050990,0.582145
img_02771.jpg,0.990409,0.000384,0.000068,0.001337,0.000021,0.007517,0.000187,0.000077
img_02789.jpg,0.001440,0.000328,0.002117,0.000945,0.978595,0.000630,0.015929,0.000015
img_02799.jpg,0.997120,0.001134,0.000036,0.000119,0.000408,0.000529,0.000371,0.000283
img_02808.jpg,0.977249,0.001596,0.001119,0.002878,0.000315,0.016284,0.000105,0.000454
img_02811.jpg,0.949657,0.000381,0.001231,0.000741,0.001844,0.043388,0.000467,0.002291
img_02830.jpg,0.294302,0.398690,0.031819,0.022110,0.004534,0.038120,0.091831,0.118594
img_02834.jpg,0.194471,0.015016,0.001135,0.000896,0.000044,0.000169,0.011059,0.777211
img_02837.jpg,0.741107,0.120699,0.003274,0.063462,0.022071,0.006024,0.009991,0.033372
img_02838.jpg,0.962444,0.002684,0.007929,0.000575,0.004926,0.006064,0.000384,0.014994
img_02842.jpg,0.041747,0.000442,0.000170,0.000289,0.000744,0.952896,0.001885,0.001828
img_02857.jpg,0.267702,0.039858,0.003030,0.000693,0.678825,0.001826,0.001511,0.006555
img_02865.jpg,0.003954,0.334951,0.005637,0.011225,0.233809,0.008381,0.001318,0.400726
img_02871.jpg,0.339201,0.242591,0.014698,0.019356,0.003979,0.142481,0.005964,0.231730
img_02876.jpg,0.000132,0.007819,0.010058,0.000145,0.001016,0.000122,0.000099,0.980608
img_02889.jpg,0.986219,0.001084,0.001356,0.001408,0.001496,0.006706,0.000289,0.001442
img_02890.jpg,0.175657,0.000311,0.004171,0.010348,0.001846,0.804854,0.001239,0.001574
img_02899.jpg,0.930099,0.000300,0.005044,0.032639,0.001383,0.026482,0.000613,0.003440
img_02904.jpg,0.993903,0.001041,0.001148,0.000358,0.000629,0.001041,0.000958,0.000922
img_02911.jpg,0.017261,0.001216,0.012636,0.876888,0.007321,0.025440,0.002311,0.056928
img_02916.jpg,0.831698,0.005375,0.021628,0.003684,0.097141,0.037916,0.001969,0.000588
img_02920.jpg,0.963448,0.033406,0.000168,0.000209,0.000072,0.001538,0.001073,0.000087
img_02943.jpg,0.779418,0.009338,0.010017,0.015505,0.001033,0.168967,0.002341,0.013381
img_02949.jpg,0.709816,0.001177,0.060458,0.207696,0.000952,0.013666,0.005959,0.000274
img_02954.jpg,0.025067,0.018252,0.102449,0.001932,0.674986,0.000698,0.017443,0.159173
img_02956.jpg,0.237026,0.095211,0.014278,0.001026,0.002916,0.045354,0.000511,0.603678
img_02964.jpg,0.017352,0.045339,0.075961,0.002625,0.000987,0.008261,0.003813,0.845662
img_02974.jpg,0.776825,0.047111,0.006324,0.002318,0.112100,0.011874,0.001004,0.042444
img_02977.jpg,0.232539,0.164095,0.004130,0.001146,0.595332,0.000342,0.000130,0.002286
img_02993.jpg,0.005922,0.010296,0.060525,0.000472,0.000458,0.019203,0.007449,0.895674
img_03014.jpg,0.000016,0.002999,0.000184,0.000444,0.996096,0.000030,0.000038,0.000193
img_03043.jpg,0.002023,0.007334,0.006692,0.000898,0.000558,0.121481,0.028679,0.832333
img_03055.jpg,0.994045,0.000418,0.000212,0.003788,0.000036,0.000847,0.000359,0.000294
img_03064.jpg,0.838681,0.005201,0.005969,0.001629,0.015307,0.017704,0.034658,0.080851
img_03069.jpg,0.216085,0.364028,0.003631,0.102740,0.013816,0.038722,0.005398,0.255579
img_03074.jpg,0.997317,0.000970,0.000043,0.000373,0.000158,0.000909,0.000193,0.000037
img_03078.jpg,0.827390,0.107763,0.007069,0.001135,0.000129,0.015955,0.000392,0.040168
img_03080.jpg,0.969997,0.003828,0.001449,0.000558,0.003891,0.012367,0.001147,0.006763
img_03082.jpg,0.486232,0.211542,0.014548,0.196510,0.011871,0.000853,0.005635,0.072810
img_03087.jpg,0.010191,0.000166,0.000818,0.000926,0.971036,0.015885,0.000932,0.000046
img_03116.jpg,0.000316,0.007770,0.005664,0.002926,0.856343,0.000937,0.002359,0.123685
img_03128.jpg,0.990118,0.003160,0.000064,0.000033,0.000091,0.000116,0.000013,0.006405
img_03135.jpg,0.316302,0.037786,0.000206,0.000265,0.000263,0.000053,0.000045,0.645079
img_03140.jpg,0.838226,0.026973,0.001587,0.000642,0.003174,0.000827,0.002049,0.126523
img_03166.jpg,0.488839,0.010160,0.001510,0.001275,0.195866,0.160146,0.002544,0.139659
img_03169.jpg,0.000043,0.007869,0.888035,0.000331,0.000839,0.000329,0.000072,0.102481
img_03181.jpg,0.704326,0.039091,0.000322,0.000173,0.135122,0.118395,0.001513,0.001058
img_03195.jpg,0.876468,0.087772,0.000242,0.000138,0.000179,0.002540,0.000074,0.032588
img_03199.jpg,0.953189,0.006371,0.001023,0.001362,0.000399,0.000060,0.013829,0.023766
img_03210.jpg,0.000371,0.020724,0.099826,0.001688,0.002184,0.045798,0.001382,0.828026
img_03220.jpg,0.985253,0.000133,0.000370,0.000176,0.010932,0.001248,0.000283,0.001605
img_03222.jpg,0.990775,0.002404,0.000044,0.000150,0.000090,0.006057,0.000317,0.000163
img_03223.jpg,0.788273,0.091385,0.001098,0.014547,0.011240,0.014639,0.008945,0.069872
img_03228.jpg,0.997832,0.000144,0.000025,0.000149,0.000016,0.000014,0.000042,0.001778
img_03229.jpg,0.160033,0.028008,0.005607,0.007178,0.001704,0.051882,0.470417,0.275171
img_03231.jpg,0.285247,0.052359,0.271807,0.020669,0.117678,0.174778,0.002425,0.075038
img_03238.jpg,0.958433,0.033948,0.000338,0.000058,0.001360,0.000561,0.000150,0.005154
img_03239.jpg,0.000315,0.008766,0.000039,0.000369,0.000419,0.000719,0.987914,0.001458
img_03252.jpg,0.865855,0.127184,0.000680,0.000251,0.002431,0.000850,0.001416,0.001334
img_03254.jpg,0.036470,0.000827,0.000114,0.000108,0.000215,0.960600,0.000842,0.000823
img_03260.jpg,0.912461,0.007494,0.004579,0.001865,0.001158,0.068620,0.001091,0.002731
img_03261.jpg,0.861648,0.095855,0.013979,0.000427,0.009765,0.002675,0.000468,0.015184
img_03270.jpg,0.006926,0.000412,0.000514,0.000280,0.000745,0.000164,0.001840,0.989118
img_03283.jpg,0.024288,0.003335,0.002542,0.002886,0.000121,0.000422,0.005090,0.961317
img_03290.jpg,0.200245,0.016253,0.002273,0.001668,0.000252,0.085972,0.006035,0.687302
img_03297.jpg,0.993707,0.000648,0.002672,0.000324,0.000569,0.000360,0.000451,0.001267
img_03310.jpg,0.917477,0.060141,0.001798,0.003123,0.006576,0.009415,0.001333,0.000137
img_03312.jpg,0.998984,0.000304,0.000016,0.000044,0.000005,0.000183,0.000049,0.000415
img_03324.jpg,0.103778,0.000743,0.014306,0.000268,0.000608,0.002957,0.001376,0.875965
img_03333.jpg,0.736332,0.071207,0.001507,0.000285,0.000173,0.053795,0.005232,0.131469
img_03342.jpg,0.411293,0.127459,0.003594,0.001749,0.001081,0.010821,0.000417,0.443585
img_03346.jpg,0.603952,0.000909,0.003278,0.004235,0.208506,0.097028,0.017267,0.064826
img_03355.jpg,0.040946,0.010535,0.000464,0.001798,0.000107,0.000042,0.016876,0.929232
img_03361.jpg,0.034745,0.766164,0.002615,0.000249,0.000906,0.005095,0.003633,0.186591
img_03370.jpg,0.879436,0.009931,0.000245,0.000131,0.000136,0.000766,0.000080,0.109275
img_03399.jpg,0.678950,0.114866,0.000877,0.000453,0.013619,0.189603,0.000640,0.000993
img_03410.jpg,0.977624,0.001714,0.000237,0.000195,0.018003,0.000563,0.000290,0.001374
img_03422.jpg,0.950430,0.004597,0.002368,0.005022,0.000509,0.035071,0.000196,0.001807
img_03426.jpg,0.945543,0.002766,0.002477,0.007917,0.001223,0.008286,0.001766,0.030023
img_03439.jpg,0.661606,0.000631,0.017611,0.201969,0.007263,0.087275,0.003770,0.019875
img_03440.jpg,0.000234,0.000616,0.008960,0.000105,0.000096,0.000044,0.000122,0.989824
img_03444.jpg,0.935365,0.055344,0.000044,0.000077,0.001583,0.002109,0.000106,0.005372
img_03445.jpg,0.950693,0.001392,0.002037,0.000235,0.034006,0.000124,0.001355,0.010158
img_03446.jpg,0.000002,0.000118,0.990551,0.000138,0.000141,0.000066,0.000068,0.008916
img_03452.jpg,0.005328,0.984222,0.000678,0.000224,0.000486,0.000251,0.007444,0.001366
img_03454.jpg,0.885046,0.000879,0.000832,0.000561,0.106294,0.001047,0.003271,0.002070
img_03456.jpg,0.000012,0.001851,0.000166,0.000575,0.997265,0.000015,0.000048,0.000068
img_03457.jpg,0.343750,0.018490,0.020003,0.002406,0.003670,0.609651,0.001099,0.000932
img_03471.jpg,0.017382,0.000501,0.010105,0.848616,0.005610,0.013231,0.003742,0.100814
img_03475.jpg,0.238932,0.000896,0.002866,0.000957,0.752040,0.000312,0.001698,0.002299
img_03488.jpg,0.972391,0.000633,0.000537,0.000261,0.000020,0.003063,0.000460,0.022635
img_03490.jpg,0.004953,0.789429,0.004236,0.010111,0.127550,0.020712,0.006017,0.036991
img_03502.jpg,0.960437,0.022850,0.003759,0.001644,0.001545,0.003719,0.001199,0.004848
img_03504.jpg,0.698622,0.029473,0.000321,0.000301,0.112143,0.155896,0.002811,0.000432
img_03520.jpg,0.838110,0.004189,0.009132,0.001950,0.046425,0.011062,0.006639,0.082493
img_03527.jpg,0.000065,0.001917,0.728065,0.000600,0.000618,0.002159,0.000351,0.266224
img_03547.jpg,0.995570,0.002029,0.000120,0.000124,0.000033,0.001384,0.000435,0.000304
img_03548.jpg,0.329895,0.002829,0.004416,0.004611,0.000472,0.091039,0.013714,0.553025
img_03554.jpg,0.995979,0.001424,0.000074,0.000133,0.000619,0.000585,0.000511,0.000675
img_03563.jpg,0.704924,0.204293,0.004415,0.016581,0.007220,0.003269,0.001258,0.058041
img_03581.jpg,0.673751,0.000833,0.023430,0.180103,0.010650,0.071161,0.003998,0.036076
img_03584.jpg,0.000052,0.000822,0.037977,0.000606,0.044818,0.000471,0.000816,0.914437
img_03587.jpg,0.027711,0.003732,0.000017,0.000048,0.000063,0.000037,0.000315,0.968076
img_03588.jpg,0.195974,0.001766,0.000538,0.000585,0.001772,0.759972,0.003319,0.036074
img_03602.jpg,0.014458,0.000168,0.000066,0.000084,0.000324,0.983257,0.000840,0.000804
img_03627.jpg,0.897628,0.093465,0.000657,0.000103,0.002913,0.004188,0.000705,0.000341
img_03628.jpg,0.979585,0.001717,0.000759,0.000744,0.001530,0.003285,0.000567,0.011813
img_03652.jpg,0.956000,0.003088,0.000135,0.000300,0.037749,0.002043,0.000441,0.000244
img_03670.jpg,0.903795,0.000584,0.001420,0.000672,0.087707,0.001800,0.003001,0.001020
img_03674.jpg,0.004718,0.000341,0.000581,0.000195,0.992604,0.000289,0.000127,0.001145
img_03677.jpg,0.968166,0.000156,0.000638,0.001121,0.000022,0.028454,0.000212,0.001231
img_03711.jpg,0.995652,0.000729,0.000180,0.000152,0.000375,0.000162,0.000072,0.002678
img_03715.jpg,0.157548,0.001359,0.005754,0.705771,0.108920,0.009934,0.002854,0.007860
img_03718.jpg,0.963675,0.000535,0.002404,0.001946,0.001092,0.029087,0.000502,0.000759
img_03726.jpg,0.001056,0.642784,0.003557,0.196918,0.004422,0.004844,0.000266,0.146153
img_03739.jpg,0.000096,0.001577,0.000136,0.000631,0.000031,0.000061,0.004225,0.993244
img_03749.jpg,0.161282,0.023745,0.001296,0.004411,0.000383,0.075298,0.011561,0.722025
img_03750.jpg,0.610124,0.002732,0.001158,0.004373,0.021018,0.008995,0.161833,0.189766
img_03760.jpg,0.145856,0.008318,0.000194,0.000501,0.000146,0.003405,0.001978,0.839602
img_03764.jpg,0.832350,0.001001,0.004134,0.001473,0.000509,0.000928,0.001428,0.158178
